budget_gib,gpu_memory_utilization,application,elapsed_s,gpu_fb_gib,server_rss_gib,system_memory_used_gib,gpu_kv_usage_gib,cpu_kv_usage_gib,pcie_gpu_to_cpu_gib_s,pcie_cpu_to_gpu_gib_s,connector_gpu_to_cpu_gib_s,connector_cpu_to_gpu_gib_s,connector_gpu_to_cpu_cumulative_gib,connector_cpu_to_gpu_cumulative_gib,gpu_sm_pct,output_throughput_tokens_s
5,0.75125,chat,0.0,29.8017578125,42.90092849731445,48.13460922241211,0.0,0.0,0.0,0.0,0.0,0.0,0.0,0.0,0.0,217.5597952258305
5,0.75125,chat,1.0,29.8017578125,42.90115382936415,48.12371066227512,0.0,0.0,0.0,0.0,0.0,0.0,0.0,0.0,0.0,217.5597952258305
5,0.75125,chat,2.0,29.8017578125,42.90115737915039,48.33621358993114,0.0,0.0,0.0,0.0,0.0,0.0,0.0,0.0,0.0,217.5597952258305
5,0.75125,chat,3.0,29.8017578125,42.90115737915039,48.40925969768258,0.0,0.0,0.0,0.0,0.0,0.0,0.0,0.0,0.0,217.5597952258305
5,0.75125,chat,4.0,29.8017578125,42.90115737915039,48.45735633739078,0.0,0.0,0.0,0.0,0.0,0.0,0.0,0.0,0.0,217.5597952258305
5,0.75125,chat,5.0,29.8017578125,42.90115737915039,48.48422714476422,0.0,0.0,0.0,0.0,0.0,0.0,0.0,0.0,0.0,217.5597952258305
5,0.75125,chat,6.0,29.8017578125,42.90115737915039,48.47864341055998,0.0,0.0,0.0,0.0,0.0,0.0,0.0,0.0,0.0,217.5597952258305
5,0.75125,chat,7.0,29.8017578125,42.90115737915039,48.48540721324527,0.0,0.0,0.0,0.0,0.0,0.0,0.0,0.0,0.0,217.5597952258305
5,0.75125,chat,8.0,29.8017578125,42.90115737915039,48.48658693109156,0.0,0.0,0.0,0.0,0.0,0.0,0.0,0.0,0.0,217.5597952258305
5,0.75125,chat,9.0,29.8017578125,42.90115737915039,48.48982121084711,0.0,0.0,0.0,0.0,0.0,0.0,0.0,0.0,0.0,217.5597952258305
5,0.75125,chat,10.0,29.8017578125,42.90115737915039,48.52916640647897,0.0,0.0,0.0,0.0,0.0,0.0,0.0,0.0,0.0,217.5597952258305
5,0.75125,chat,11.0,29.8017578125,42.90115737915039,48.55398297848629,0.0,0.0,0.0,0.0,0.0,0.0,0.0,0.0,0.0,217.5597952258305
5,0.75125,chat,12.0,29.8017578125,42.90115737915039,48.59902044223279,0.0,0.0,0.00036164378404276954,0.0,0.0,0.0,0.0,0.0,0.0,217.5597952258305
5,0.75125,chat,13.0,29.8017578125,42.90115737915039,48.62426529336206,0.0,0.0,0.0006598447432411134,0.0,0.0,0.0,0.0,0.0,0.0,217.5597952258305
5,0.75125,chat,14.0,29.8017578125,42.90115737915039,48.67200806894576,0.0,0.0,0.0,0.0,0.0,0.0,0.0,0.0,0.0,217.5597952258305
5,0.75125,chat,15.0,29.841452894268446,42.90208346828991,48.70013660867296,0.0,0.0,6.2852751415691985,0.05072149337079105,0.0,0.0,0.0,0.0,22.582090961604365,217.5597952258305
5,0.75125,chat,16.0,29.9775390625,42.90357845987055,48.70328092367013,3.808193042264136,0.0,23.958933909110584,0.42305616656118034,0.0,0.0,0.0,0.0,100.0,217.5597952258305
5,0.75125,chat,17.0,29.9775390625,42.90390396118164,48.70178390299655,4.866924912052125,0.021194741223619033,3.14552290005368,1.3055049066775604,3.955078125,0.0,3.955078125,0.0,100.0,217.5597952258305
5,0.75125,chat,18.0,29.97766859535155,42.90408053065854,48.69329458181309,3.749732651545201,0.04137030381739796,0.009112894628876681,0.045004719783187,0.6591796875,0.0,4.6142578125,0.0,100.0,217.5597952258305
5,0.75125,chat,19.0,29.9794921875,42.90413284301758,48.68136910903844,4.811007471370499,0.007846639118358747,0.013556260141215035,0.34210057297864943,0.5859375,0.0,5.2001953125,0.0,100.0,217.5597952258305
5,0.75125,chat,20.0,29.9794921875,42.90686386435564,48.67662361415674,4.943465873262106,0.0911787591728904,0.007970480604951105,0.026504029179737487,0.52490234375,0.0,5.72509765625,0.0,100.0,217.5597952258305
5,0.75125,chat,21.0,29.9794921875,42.90779495239258,48.66801315275942,4.9910046657162175,0.0296915313978224,0.6653557139138275,0.41915884986621654,0.37841796875,0.01220703125,6.103515625,0.01220703125,100.0,217.5597952258305
5,0.75125,chat,22.0,29.9794921875,42.90795972807349,48.66305916642784,4.856704658042474,0.002281081600310267,0.0936322889948411,0.07170779296522667,0.5126953125,0.0,6.6162109375,0.01220703125,100.0,217.5597952258305
5,0.75125,chat,23.0,29.9794921875,42.908023834228516,48.65666469847383,4.851961477213864,0.039328582537886764,0.6002133679238807,0.4104020558592409,0.3173828125,1.318359375,6.93359375,1.33056640625,100.0,217.5597952258305
5,0.75125,chat,24.0,29.9794921875,42.908023834228516,48.653826288518665,4.780870210065209,0.009902929161495024,0.16060302505645796,0.12264457395677214,0.3662109375,0.0,7.2998046875,1.33056640625,100.0,217.5597952258305
5,0.75125,chat,25.0,29.9794921875,42.908023834228516,48.64806379437675,2.8041720795080884,0.019278644031921074,0.0078125,0.46245294753301935,0.3662109375,0.0,7.666015625,1.33056640625,100.0,217.5597952258305
5,0.75125,chat,26.0,29.9794921875,42.908023834228516,48.6394076826555,4.353851837752244,0.02442002442002442,0.007138586522896092,0.2053577500582,0.29296875,0.0,7.958984375,1.33056640625,100.0,217.5597952258305
5,0.75125,chat,27.0,29.9794921875,42.908023834228516,48.65675398761195,4.733538756836669,0.02442002442002442,0.46484206859990906,0.12193865654222932,0.3173828125,0.0,8.2763671875,1.33056640625,100.0,217.5597952258305
5,0.75125,chat,28.0,29.9794921875,42.908023834228516,48.66794974978156,4.909402303674585,0.02442002442002442,0.71875,0.16182970879969016,0.25634765625,0.0,8.53271484375,1.33056640625,100.0,217.5597952258305
5,0.75125,chat,29.0,29.9794921875,42.908023834228516,48.66190660140506,5.0003544583149315,0.02442002442002442,0.328889381653782,0.07887136673786622,0.30517578125,0.0,8.837890625,1.33056640625,100.0,217.5597952258305
5,0.75125,chat,30.0,29.9794921875,42.908023834228516,48.649207312076356,4.924026698384742,0.7528107462788701,0.017157034012915958,0.021494711963525533,0.2197265625,0.9521484375,9.0576171875,2.28271484375,100.0,217.5597952258305
5,0.75125,chat,31.0,29.9794921875,42.908023834228516,48.638830761419534,4.7422479505212465,0.27252571550437854,0.3412020558351373,0.05553347917623088,0.18310546875,2.69775390625,9.24072265625,4.98046875,100.0,217.5597952258305
5,0.75125,chat,32.0,29.9794921875,42.908023834228516,48.635677337646484,4.857128957515594,0.0033179824673413736,0.4264105338627103,0.06470977984505945,0.18310546875,1.59912109375,9.423828125,6.57958984375,100.0,217.5597952258305
5,0.75125,chat,33.0,29.9794921875,42.908023834228516,48.635677337646484,4.611412253204669,0.017574084444563515,0.2608693999785458,0.08684764420518912,0.244140625,0.0,9.66796875,6.57958984375,100.0,217.5597952258305
5,0.75125,chat,34.0,29.9794921875,42.908023834228516,48.631204717108744,4.648077758793782,0.007054622408142959,0.48943710016757674,0.14504782499142815,0.20751953125,0.0,9.87548828125,6.57958984375,100.0,217.5597952258305
5,0.75125,chat,35.0,29.9794921875,42.908023834228516,48.62773895263672,4.858534746668853,0.017167928986508176,0.014854641658528334,0.020048585752163117,0.244140625,0.0,10.11962890625,6.57958984375,100.0,217.5597952258305
5,0.75125,chat,36.0,29.9794921875,42.908023834228516,48.62077906858882,4.579381207460509,0.03290551301948731,0.03058099235450728,0.021063189022871437,0.18310546875,0.0,10.302734375,6.57958984375,100.0,217.5597952258305
5,0.75125,chat,37.0,29.9794921875,42.908023834228516,48.614917956779095,4.539217550140056,0.01985844012176622,0.0068359375,0.01953125,0.1953125,0.0,10.498046875,6.57958984375,100.0,217.5597952258305
5,0.75125,chat,38.0,29.9794921875,42.908023834228516,48.61503219604492,4.730665777562392,0.028773448542583315,0.08967729008962028,0.03765642672367568,0.18310546875,0.0,10.68115234375,6.57958984375,100.0,217.5597952258305
5,0.75125,chat,39.0,29.9794921875,42.908023834228516,48.61050375047538,4.9046279332886575,0.02027262702313678,0.7577852195809704,0.16484926483535084,0.18310546875,0.0,10.8642578125,6.57958984375,100.0,217.5597952258305
5,0.75125,chat,40.0,29.9794921875,42.908023834228516,48.60193980207954,4.486349770323946,0.01221001221001221,1.4266716149471557,0.07288270335150474,0.18310546875,0.0,11.04736328125,6.57958984375,100.0,217.5597952258305
5,0.75125,chat,41.0,29.9794921875,42.908023834228516,48.59769058227539,4.357881101121485,0.01221001221001221,0.039105268509522784,0.021698163409137335,0.15869140625,0.0,11.2060546875,6.57958984375,100.0,217.5597952258305
5,0.75125,chat,42.0,29.9794921875,42.908023834228516,48.594348248005396,4.520402712133445,0.02797975801221829,0.0068359375,0.0205078125,0.1708984375,0.0,11.376953125,6.57958984375,100.0,217.5597952258305
5,0.75125,chat,43.0,29.9794921875,42.908023834228516,48.586974759344045,4.670881157643946,0.021045126064132343,0.6262762940670579,0.11686520129932011,0.13427734375,0.0,11.51123046875,6.57958984375,100.0,217.5597952258305
5,0.75125,chat,44.0,29.9794921875,42.908023834228516,48.579367018899575,4.824719914983637,0.027605293718176504,0.12439145190016432,0.13801572202221993,0.1708984375,0.0,11.68212890625,6.57958984375,100.0,217.5597952258305
5,0.75125,chat,45.0,29.9794921875,42.908023834228516,48.574916799976016,4.97530017902273,0.021433909657362502,0.5545117490334155,0.20408088591569595,0.13427734375,0.0,11.81640625,6.57958984375,100.0,217.5597952258305
5,0.75125,chat,46.0,29.9794921875,42.908023834228516,48.57162718577101,4.5863338675124306,0.01970816958057286,0.18973178898277632,0.0732760833759831,0.1708984375,0.0,11.9873046875,6.57958984375,100.0,217.5597952258305
5,0.75125,chat,47.0,29.9794921875,42.908023834228516,48.56698988334135,4.381349049360135,0.009614900812833178,0.017620166774346607,0.0205078125,0.1220703125,0.0,12.109375,6.57958984375,100.0,217.5597952258305
5,0.75125,chat,48.0,29.9794921875,42.908023834228516,48.563424233993956,4.510353284948454,0.007299406623267327,0.012421908244062016,0.11085907580344186,0.146484375,0.0,12.255859375,6.57958984375,100.0,217.5597952258305
5,0.75125,chat,49.0,29.9794921875,42.908023834228516,48.557945251464844,4.629699468267861,0.005016579160806086,0.0068359375,0.07859166757619131,0.1220703125,0.0,12.3779296875,6.57958984375,100.0,217.5597952258305
5,0.75125,chat,50.0,29.9794921875,42.908023834228516,48.55803149806672,4.753444612064726,0.0,0.0073701478585632306,0.08496354945189799,0.1220703125,0.0,12.5,6.57958984375,100.0,217.5597952258305
5,0.75125,chat,51.0,29.9794921875,42.908023834228516,48.55659502505106,4.880248175855522,0.006985363561330362,0.007325146311089724,0.07823630733076684,0.13427734375,0.0,12.63427734375,6.57958984375,100.0,217.5597952258305
5,0.75125,chat,52.0,29.9794921875,42.908023834228516,48.5535888671875,5.008786071324569,0.01221001221001221,0.0068359375,0.019972485340890384,0.10986328125,0.0,12.744140625,6.57958984375,100.0,217.5597952258305
5,0.75125,chat,53.0,29.9794921875,42.908023834228516,48.5535888671875,4.427731829118759,0.01221001221001221,0.0068359375,0.020112762691484473,0.13427734375,0.0,12.87841796875,6.57958984375,100.0,217.5597952258305
5,0.75125,chat,54.0,29.9794921875,42.908023834228516,48.5535888671875,3.96126528430041,0.00553370811465536,0.0068359375,0.019879685431506634,0.09765625,0.0,12.97607421875,6.57958984375,100.0,217.5597952258305
5,0.75125,chat,55.0,29.9794921875,42.908091631871876,48.5535888671875,4.462679733265451,0.006574363972769089,0.0068359375,0.05755510391872969,0.09765625,0.0,13.07373046875,6.57958984375,100.0,217.5597952258305
5,0.75125,chat,56.0,29.9794921875,42.90825271606445,48.5535888671875,4.885136628476575,0.969693391701436,0.0068359375,0.10949169813944777,0.10986328125,1.03759765625,13.18359375,7.6171875,100.0,217.5597952258305
5,0.75125,chat,57.0,29.9794921875,42.90825271606445,48.5535888671875,4.748255260404775,0.8706482837077076,0.02709308685733006,0.03484991684401159,0.10986328125,0.8544921875,13.29345703125,8.4716796875,100.0,217.5597952258305
5,0.75125,chat,58.0,29.9794921875,42.90825271606445,48.5535888671875,4.670621064526972,0.0,0.08594595720201702,4.062949342069415,0.1708984375,1.81884765625,13.46435546875,10.29052734375,100.0,217.5597952258305
5,0.75125,chat,59.0,29.9794921875,42.90825271606445,48.5535888671875,4.687005102411431,0.012294068771251984,0.007696352602369837,21.122072050722636,0.13427734375,0.0,13.5986328125,10.29052734375,100.0,217.5597952258305
5,0.75125,chat,60.0,29.9794921875,42.90825271606445,48.5535888671875,4.717216619736437,0.012332896046690684,0.008447397983177844,0.0194611865007314,0.15869140625,0.78125,13.75732421875,11.07177734375,100.0,217.5597952258305
5,0.75125,chat,61.0,29.9794921875,42.90825271606445,48.551892245682986,4.899222502209498,0.011875810748410985,0.02878967211061149,0.018642896698154523,0.18310546875,0.0,13.9404296875,11.07177734375,100.0,217.5597952258305
5,0.75125,chat,62.0,29.9794921875,42.90825271606445,48.5458984375,4.76025002021571,0.01858876548222818,0.007384829346731164,0.02236547804839458,0.18310546875,0.0,14.12353515625,11.07177734375,100.0,217.5597952258305
5,0.75125,chat,63.0,29.9794921875,42.90825271606445,48.5458984375,4.56002656702229,0.006487370419397087,1.3171041996754973,0.38285262260424874,0.15869140625,0.0,14.2822265625,11.07177734375,100.0,217.5597952258305
5,0.75125,chat,64.0,29.9794921875,42.90825271606445,48.54516223777494,4.711566296014085,0.005611067579169272,0.17581863045499135,0.1695343247894627,0.15869140625,0.0,14.44091796875,11.07177734375,100.0,217.5597952258305
5,0.75125,chat,65.0,29.9794921875,42.90825271606445,48.541873931884766,4.864117886366219,0.0067089360313104494,0.04338987086647197,0.04086621361680684,0.146484375,0.0,14.58740234375,11.07177734375,100.0,217.5597952258305
5,0.75125,chat,66.0,29.9794921875,42.90825271606445,48.54131799588487,4.684889788901211,0.005392736734976367,0.016306541172059208,0.01918606107813728,0.15869140625,0.0,14.74609375,11.07177734375,100.0,217.5597952258305
5,0.75125,chat,67.0,29.9794921875,42.90825271606445,48.537234904023606,4.409152643432556,0.01221001221001221,0.0068359375,0.023586013181340036,0.146484375,0.0,14.892578125,11.07177734375,100.0,217.5597952258305
5,0.75125,chat,68.0,29.9794921875,42.90825271606445,48.53065872192383,4.530775351533985,0.007032535467905503,0.0068359375,0.020683156149904073,0.1220703125,0.0,15.0146484375,11.07177734375,100.0,217.5597952258305
5,0.75125,chat,69.0,29.9794921875,42.90825271606445,48.53065872192383,4.657529966415283,0.005073099712170364,0.007462260111457736,0.020433655334373208,0.13427734375,0.0,15.14892578125,11.07177734375,100.0,217.5597952258305
5,0.75125,chat,70.0,29.9794921875,42.90825271606445,48.53065872192383,4.781411613466321,0.007236165998732821,0.013037372407666548,0.020903833621370382,0.1220703125,0.0,15.27099609375,11.07177734375,100.0,217.5597952258305
5,0.75125,chat,71.0,29.9794921875,42.90825271606445,48.53065872192383,4.905582060131925,0.00486937788517963,0.011796380435806341,0.0205078125,0.1220703125,0.0,15.39306640625,11.07177734375,100.0,217.5597952258305
5,0.75125,chat,72.0,29.9794921875,42.90825271606445,48.53065872192383,4.783461154574954,0.007446234757916546,0.0073251505787285615,0.02002046307872856,0.13427734375,0.0,15.52734375,11.07177734375,100.0,217.5597952258305
5,0.75125,chat,73.0,29.9794921875,42.90825271606445,48.53065872192383,4.4823217496734316,0.009326722272536926,0.35703537936039065,0.09001164081466982,0.10986328125,1.30615234375,15.63720703125,12.3779296875,100.0,217.5597952258305
5,0.75125,chat,74.0,29.9794921875,42.90825271606445,48.53065872192383,4.578300879629412,0.019854038313703706,0.7564404744527373,0.13721154774070965,0.146484375,1.2451171875,15.78369140625,13.623046875,100.0,217.5597952258305
5,0.75125,chat,75.0,29.9794921875,42.90825271606445,48.53065872192383,4.725634261774486,0.021141788723743758,0.4642538572214648,0.05923551005266559,0.146484375,0.0,15.93017578125,13.623046875,100.0,217.5597952258305
5,0.75125,chat,76.0,29.9794921875,42.90825271606445,48.530590455358606,4.8828174994775635,0.027904534317951882,0.0068359375,0.02088371249736059,0.146484375,0.0,16.07666015625,13.623046875,100.0,217.5597952258305
5,0.75125,chat,77.0,29.9794921875,42.90825271606445,48.528415768877665,4.764244343246281,0.01646643337732022,0.0068359375,0.01953125,0.15869140625,0.0,16.2353515625,13.623046875,100.0,217.5597952258305
5,0.75125,chat,78.0,29.9794921875,42.90825271606445,48.525390625,3.951001169606643,0.020269929015994687,0.0070430938119269435,0.020359875247707774,0.146484375,0.0,16.3818359375,13.623046875,100.0,217.5597952258305
5,0.75125,chat,79.0,29.9794921875,42.90825271606445,48.525390625,3.7440901718478843,0.01221001221001221,0.009422911604297332,0.022793335358281066,0.1220703125,0.0,16.50390625,13.623046875,100.0,217.5597952258305
5,0.75125,chat,80.0,29.9794921875,42.90825271606445,48.5227462305514,4.978566069189986,0.01221001221001221,0.018147077382120406,0.019758830952848163,0.1708984375,1.08642578125,16.6748046875,14.70947265625,100.0,217.5597952258305
5,0.75125,chat,81.0,29.9794921875,42.90825271606445,48.5226936340332,4.866314685377869,0.008359923372634349,0.02830192304202142,0.021484375,0.1708984375,1.06201171875,16.845703125,15.771484375,100.0,217.5597952258305
5,0.75125,chat,82.0,29.9794921875,42.90825271606445,48.520441286623424,4.8164619031046065,0.0074924469605046375,0.13490940468381105,0.026966959012232977,0.2197265625,0.0,17.0654296875,15.771484375,100.0,217.5597952258305
5,0.75125,chat,83.0,29.9794921875,42.90825271606445,48.520537569493825,4.954941585757229,0.01714427103281882,1.4202582381940059,0.27454320065865717,0.1953125,0.0,17.2607421875,15.771484375,100.0,217.5597952258305
5,0.75125,chat,84.0,29.9794921875,42.90825271606445,48.52054977416992,4.966567978319462,0.0035275071060380473,0.11514187071544368,0.03984448050338965,0.1953125,1.01318359375,17.4560546875,16.78466796875,100.0,217.5597952258305
5,0.75125,chat,85.0,29.9794921875,42.90825271606445,48.52074582459405,4.976893210998894,0.01221001221001221,0.0078125,0.019649392410889522,0.146484375,0.0,17.6025390625,16.78466796875,100.0,217.5597952258305
5,0.75125,chat,86.0,29.9794921875,42.90825271606445,48.518895576741265,4.748502648605701,0.00889746812182563,0.598122726445903,0.05926366908770501,0.1220703125,0.0,17.724609375,16.78466796875,100.0,217.5597952258305
5,0.75125,chat,87.0,29.9794921875,42.90825271606445,48.518699645996094,4.882322958469084,0.006416027020311566,0.17817006377780398,0.0309976244850445,0.146484375,0.0,17.87109375,16.78466796875,100.0,217.5597952258305
5,0.75125,chat,88.0,29.9794921875,42.90825271606445,48.517112211565944,4.9100849163361815,0.018211593818995665,0.0071227527079570346,0.022290239168171862,0.10986328125,0.0,17.98095703125,16.78466796875,100.0,217.5597952258305
5,0.75125,chat,89.0,29.9794921875,42.90825271606445,48.515526174187464,4.753867520989282,0.0059984899562667855,0.007479530397108382,0.07428133887156214,0.1220703125,1.20849609375,18.10302734375,17.9931640625,100.0,217.5597952258305
5,0.75125,chat,90.0,29.9794921875,42.90825271606445,48.515316009521484,4.859398327042445,0.01863112060524765,0.007214880447231941,0.08564544868079851,0.1708984375,0.0,18.27392578125,17.9931640625,100.0,217.5597952258305
5,0.75125,chat,91.0,29.9794921875,42.90825271606445,48.507681169966865,4.710346457813936,0.0,0.007387365963030737,0.04418902414421729,0.1708984375,0.0,18.44482421875,17.9931640625,100.0,217.5597952258305
5,0.75125,chat,92.0,29.9794921875,42.90825271606445,48.50589046178428,4.906410027166092,0.0,0.03355933948822522,0.01953125,0.1708984375,0.0,18.61572265625,17.9931640625,100.0,217.5597952258305
5,0.75125,chat,93.0,29.9794921875,42.90825271606445,48.50581741333008,4.875999712688496,0.007707704679578805,0.034235382807166655,0.020448183517366013,0.13427734375,0.0,18.75,17.9931640625,100.0,217.5597952258305
5,0.75125,chat,94.0,29.9794921875,42.90825271606445,48.499633651591516,4.324386124123331,0.0292416240115064,0.009459785641589674,0.1429716910672384,0.13427734375,0.4150390625,18.88427734375,18.408203125,100.0,217.5597952258305
5,0.75125,chat,95.0,29.9794921875,42.90825271606445,48.492348000975184,4.482224748400823,0.004716900726193364,0.009893535788274609,0.20115258832351174,0.15869140625,0.0,19.04296875,18.408203125,100.0,217.5597952258305
5,0.75125,chat,96.0,29.9794921875,42.90825271606445,48.48562362446616,4.72087708855226,0.02216200063541718,1.0015788777471188,6.4824909108170985,0.146484375,0.0,19.189453125,18.408203125,100.0,217.5597952258305
5,0.75125,chat,97.0,29.9794921875,42.90825271606445,48.480037060466216,4.862137234463786,0.010056830145615656,2.204755326776283,14.297354311994415,0.146484375,2.6123046875,19.3359375,21.0205078125,100.0,217.5597952258305
5,0.75125,chat,98.0,29.9794921875,42.90825271606445,48.478782653808594,4.108794330535945,0.004094751968753098,0.007586068957301699,0.11698135274455387,0.1708984375,1.03759765625,19.5068359375,22.05810546875,100.0,217.5597952258305
5,0.75125,chat,99.0,29.9794921875,42.90825271606445,48.478782653808594,4.317418208597891,0.02055001181488882,0.0068359375,0.3673682066545143,0.146484375,0.0,19.6533203125,22.05810546875,100.0,217.5597952258305
5,0.75125,chat,100.0,29.9794921875,42.90825271606445,48.478782653808594,4.534548355150552,0.00365989857385716,0.01833786508371639,0.019798736687993403,0.2197265625,0.0,19.873046875,22.05810546875,100.0,217.5597952258305
5,0.75125,chat,101.0,29.9794921875,42.90825271606445,48.478782653808594,4.743215665665623,0.020955904661071237,0.08347067803337158,0.021311442424314625,0.146484375,0.0,20.01953125,22.05810546875,100.0,217.5597952258305
5,0.75125,chat,102.0,29.9794921875,42.90825271606445,48.478782653808594,4.862320502305687,0.0,0.035563983966897666,0.026223097197691635,0.2197265625,0.0,20.2392578125,22.05810546875,100.0,217.5597952258305
5,0.75125,chat,103.0,29.9794921875,42.90825271606445,48.478782653808594,4.431216215365367,0.003054910319824927,0.6909516496930423,0.18425983928768397,0.146484375,0.0,20.3857421875,22.05810546875,100.0,217.5597952258305
5,0.75125,chat,104.0,29.9794921875,42.90825271606445,48.478782653808594,4.6309671270790025,0.02155964854925713,0.04607072335049689,0.028756637190899964,0.15869140625,0.0,20.54443359375,22.05810546875,100.0,217.5597952258305
5,0.75125,chat,105.0,29.9794921875,42.90825271606445,48.478782653808594,4.7822772188520055,0.0013253704772375685,1.2874346653588482,0.23834488976724488,0.146484375,0.0,20.69091796875,22.05810546875,100.0,217.5597952258305
5,0.75125,chat,106.0,29.9794921875,42.90825271606445,48.47593410707313,4.941358682741789,0.010990211773657802,0.22558126316764282,0.0566277935776254,0.146484375,0.0,20.83740234375,22.05810546875,100.0,217.5597952258305
5,0.75125,chat,107.0,29.9794921875,42.90825271606445,48.47442626953125,4.813401804788556,0.0011104977232347956,1.6904614984316741,0.40375701363073613,0.146484375,0.69580078125,20.98388671875,22.75390625,100.0,217.5597952258305
5,0.75125,chat,108.0,29.9794921875,42.90825271606445,48.47119283434017,4.922406148626778,0.011211576536335477,0.5272860248074049,0.13799658666493064,0.1220703125,0.0,21.10595703125,22.75390625,100.0,217.5597952258305
5,0.75125,chat,109.0,29.9794921875,42.90825271606445,48.46928405761719,4.402721907945386,0.0,0.007413428125761372,0.022282518748477254,0.15869140625,0.0,21.2646484375,22.75390625,100.0,217.5597952258305
5,0.75125,chat,110.0,29.9794921875,42.90825271606445,48.46941302332453,4.538926389246653,0.001577936393978986,0.013248082931272769,0.020872641827490893,0.09765625,0.0,21.3623046875,22.75390625,100.0,217.5597952258305
5,0.75125,chat,111.0,29.9794921875,42.90825271606445,48.46949768066406,4.673030625107659,0.023741773328295183,0.01065456951724265,0.01953125,0.1220703125,0.0,21.484375,22.75390625,100.0,217.5597952258305
5,0.75125,chat,112.0,29.9794921875,42.90825271606445,48.46949768066406,4.228593146684542,0.011633611862237547,0.018332658324123827,0.061685893021787355,0.1220703125,0.35400390625,21.6064453125,23.10791015625,100.0,217.5597952258305
5,0.75125,chat,113.0,29.9794921875,42.90825271606445,48.46949768066406,4.38615650781041,0.000462441039723733,0.017829892573725255,0.056170403456676024,0.146484375,0.0,21.7529296875,23.10791015625,100.0,217.5597952258305
5,0.75125,chat,114.0,29.9794921875,42.90825271606445,48.46961596674229,4.532544192586137,0.011848871011933314,0.008334310673984454,0.020895505478046635,0.09765625,0.0,21.8505859375,23.10791015625,100.0,217.5597952258305
5,0.75125,chat,115.0,29.9794921875,42.90825271606445,48.46971130371094,4.690485794513635,0.00026060823499726563,0.007403439623672936,0.022051877123672934,0.146484375,0.0,21.9970703125,23.10791015625,100.0,217.5597952258305
5,0.75125,chat,116.0,29.9794921875,42.90825271606445,48.46971130371094,4.8366919762140945,0.012049071130784097,0.007198966982102833,0.020758316035794335,0.09765625,0.0,22.0947265625,23.10791015625,100.0,217.5597952258305
5,0.75125,chat,117.0,29.9794921875,42.90825271606445,48.469835425072,4.990119779046489,0.0,0.016660714899853966,0.019215242325005214,0.146484375,0.0,22.2412109375,23.10791015625,100.0,217.5597952258305
5,0.75125,chat,118.0,29.9794921875,42.90825271606445,48.46995162963867,4.174679754378749,0.0,0.02788613040788608,0.01882395118859681,0.0,0.0,22.2412109375,23.10791015625,100.0,217.5597952258305
5,0.75125,chat,119.0,29.9794921875,42.90825271606445,48.46995162963867,4.30535885672327,0.0,0.008343745911022021,0.01953125,0.09765625,0.0,22.3388671875,23.10791015625,100.0,217.5597952258305
5,0.75125,chat,120.0,29.9794921875,42.90825271606445,48.46995162963867,4.415208389187777,0.0,0.13169179692161848,0.051803315358977656,0.10986328125,0.0,22.44873046875,23.10791015625,100.0,217.5597952258305
5,0.75125,chat,121.0,29.9794921875,42.90825271606445,48.46995162963867,4.548547145182282,0.0,0.6068309429894065,0.17513115251780192,0.0732421875,0.0,22.52197265625,23.10791015625,100.0,217.5597952258305
5,0.75125,chat,122.0,29.9794921875,42.90825271606445,48.46995162963867,4.256918583286129,0.011759655669920339,0.006917878136976641,0.02335555936302336,0.10986328125,0.0,22.6318359375,23.10791015625,100.0,217.5597952258305
5,0.75125,chat,123.0,29.9794921875,42.90825271606445,48.46995162963867,4.37447031006123,0.0005526607326730758,0.011642755821767433,0.022352534033346205,0.08544921875,0.4638671875,22.71728515625,23.57177734375,100.0,217.5597952258305
5,0.75125,chat,124.0,29.9794921875,42.90825271606445,48.4680238245628,4.508343003711785,0.023115119148864688,0.11032066690719128,0.019559762964890814,0.146484375,0.0,22.86376953125,23.57177734375,100.0,217.5597952258305
5,0.75125,chat,125.0,29.9794921875,42.90825271606445,48.4654541015625,4.619163737636442,0.0015095402703472214,0.013707015814555593,0.01953125,0.10986328125,0.0,22.9736328125,23.57177734375,100.0,217.5597952258305
5,0.75125,chat,126.0,29.9794921875,42.90825271606445,48.4654541015625,4.762942549421279,0.011356396047531242,0.00693840661186242,0.02127943677627516,0.13427734375,0.0,23.10791015625,23.57177734375,100.0,217.5597952258305
5,0.75125,chat,127.0,29.9794921875,42.90825271606445,48.465452608439236,4.558298272739584,0.01221001221001221,0.07884268841225149,0.019001383589232708,0.13427734375,0.0,23.2421875,23.57177734375,100.0,217.5597952258305
5,0.75125,chat,128.0,29.9794921875,42.90825271606445,48.46264210135583,4.663441414625723,0.001052153084219081,0.02387886335941708,0.01933535430046647,0.10986328125,1.01318359375,23.35205078125,24.5849609375,100.0,217.5597952258305
5,0.75125,chat,129.0,29.9794921875,42.90825271606445,48.458038330078125,4.775096194080865,0.011058933965914038,0.007570342929702541,0.01879684457029746,0.146484375,0.0,23.49853515625,24.5849609375,100.0,217.5597952258305
5,0.75125,chat,130.0,29.9794921875,42.90825271606445,48.45809091872463,4.906577900544864,0.0012578736168525578,0.9885336670771082,0.4814055608821134,0.09765625,0.0,23.59619140625,24.5849609375,100.0,217.5597952258305
5,0.75125,chat,131.0,29.9794921875,42.90825271606445,48.458187103271484,5.040380991490847,0.02169210075891327,0.485871824062893,0.24481586835221886,0.146484375,0.0,23.74267578125,24.5849609375,100.0,217.5597952258305
5,0.75125,chat,132.0,29.9794921875,42.90825271606445,48.458187103271484,4.084080789316502,0.002940308037191479,0.007217954116794527,0.020125795883205472,0.10986328125,0.0,23.8525390625,24.5849609375,100.0,217.5597952258305
5,0.75125,chat,133.0,29.9794921875,42.90825271606445,48.458187103271484,4.047271908353812,0.010631836100209232,0.007383636446557297,0.10649654710949558,0.1220703125,0.0,23.974609375,24.5849609375,100.0,217.5597952258305
5,0.75125,chat,134.0,29.9794921875,42.90825271606445,48.458187103271484,4.230619596358775,0.022725000855141453,0.008813991216951644,0.09521106446929596,0.09765625,0.0,24.072265625,24.5849609375,100.0,217.5597952258305
5,0.75125,chat,135.0,29.9794921875,42.90825271606445,48.458187103271484,4.1532933586617595,0.0036069772460982233,0.009312006234692284,0.019146956204076852,0.10986328125,2.8076171875,24.18212890625,27.392578125,100.0,217.5597952258305
5,0.75125,chat,136.0,29.9794921875,42.90825271606445,48.458187103271484,4.2697712841788436,0.0103029487530851,0.00797473978071262,0.08353826526227784,0.18310546875,0.3662109375,24.365234375,27.7587890625,100.0,217.5597952258305
5,0.75125,chat,137.0,29.9794921875,42.90825271606445,48.45818609429406,4.468954432634419,0.03261106363702547,0.007197165703063221,0.11726228110375833,0.146484375,0.0,24.51171875,27.7587890625,100.0,217.5597952258305
5,0.75125,chat,138.0,29.9794921875,42.90825271606445,48.45818328857422,4.62510938128115,0.006324159089250818,0.007497830718071103,0.019151471409644485,0.18310546875,0.0,24.69482421875,27.7587890625,100.0,217.5597952258305
5,0.75125,chat,139.0,29.9794921875,42.90825271606445,48.45818328857422,4.8314732796011866,0.04001099101655623,0.007103532905143227,0.021122960474283865,0.18310546875,0.0,24.8779296875,27.7587890625,100.0,217.5597952258305
5,0.75125,chat,140.0,29.9794921875,42.90825271606445,48.45818328857422,3.856643288928722,0.009241899213624956,0.007591827385927452,0.10805389676974446,0.1708984375,0.0,25.048828125,27.7587890625,100.0,217.5597952258305
5,0.75125,chat,141.0,29.9794921875,42.90825271606445,48.45818328857422,3.767492724854427,0.0391886835233626,0.007010759813662315,0.35782987410016387,0.1708984375,0.0,25.2197265625,27.7587890625,100.0,217.5597952258305
5,0.75125,chat,142.0,29.9794921875,42.90825271606445,48.45818328857422,3.901162067910307,0.010113066525465992,0.0076839712584079,0.0739339392796977,0.13427734375,0.0,25.35400390625,27.7587890625,100.0,217.5597952258305
5,0.75125,chat,143.0,29.9794921875,42.90825271606445,48.45818328857422,4.070927661855164,0.028729126170785227,0.06782680985923586,0.02525609518031635,0.1708984375,0.0,25.52490234375,27.7587890625,100.0,217.5597952258305
5,0.75125,chat,144.0,29.9794921875,42.90825271606445,48.45818328857422,4.215386989746256,0.01767689276823346,0.7081565943096539,0.07506928973692148,0.146484375,0.0,25.67138671875,27.7587890625,100.0,217.5597952258305
5,0.75125,chat,145.0,29.9794921875,42.90825271606445,48.457541551595696,3.312845876837658,0.0028346833736592573,0.016233911757847608,0.020199077007678777,0.15869140625,0.0,25.830078125,27.7587890625,100.0,217.5597952258305
5,0.75125,chat,146.0,29.9794921875,42.90825271606445,48.45421600341797,3.114694372165396,0.0,0.0078125,0.01953125,0.1708984375,0.0,26.0009765625,27.7587890625,100.0,217.5597952258305
5,0.75125,chat,147.0,29.9794921875,42.90825271606445,48.45421600341797,3.2425768778469775,0.0,0.0078125,0.01953125,0.10986328125,0.0,26.11083984375,27.7587890625,100.0,217.5597952258305
5,0.75125,chat,148.0,29.9794921875,42.90825271606445,48.45421553219215,3.385455982787069,0.0,0.030106577652886154,0.01953125,0.13427734375,0.0,26.2451171875,27.7587890625,100.0,217.5597952258305
5,0.75125,chat,149.0,29.9794921875,42.90825271606445,48.4542121887207,3.5044764131047565,0.0,0.01236926220495456,0.11534133254609248,0.146484375,0.0,26.3916015625,27.7587890625,100.0,217.5597952258305
5,0.75125,chat,150.0,29.9794921875,42.90825271606445,48.4542121887207,3.631801368836845,0.0,0.007569076865535682,0.05020543490464677,0.10986328125,0.0,26.50146484375,27.7587890625,100.0,217.5597952258305
5,0.75125,chat,151.0,29.9794921875,42.90825271606445,48.4542121887207,3.7744089729248507,0.017499941830543694,0.00712536054869359,0.021882091402612817,0.13427734375,0.0,26.6357421875,27.7587890625,100.0,217.5597952258305
5,0.75125,chat,152.0,29.9794921875,42.90825271606445,48.4542121887207,3.8943321614555617,0.015774333004687842,0.0234943277590389,0.019898108229378632,0.1220703125,0.0,26.7578125,27.7587890625,100.0,217.5597952258305
5,0.75125,chat,153.0,29.9794921875,42.90825271606445,48.45400438779404,4.021020178712814,0.0036659853735273597,0.4460286560692258,0.057794541200530035,0.1220703125,0.0,26.8798828125,27.7587890625,100.0,217.5597952258305
5,0.75125,chat,154.0,29.9794921875,42.90825271606445,48.450767517089844,4.16334311708136,0.025323787934971306,0.317448735661513,0.04739635938263659,0.146484375,0.0,27.0263671875,27.7587890625,100.0,217.5597952258305
5,0.75125,chat,155.0,29.9794921875,42.90825271606445,48.450767517089844,4.275826566688867,0.011616157407135118,0.7124749952850058,0.3951304934410372,0.10986328125,0.0,27.13623046875,27.7587890625,100.0,217.5597952258305
5,0.75125,chat,156.0,29.9794921875,42.90825271606445,48.450767517089844,4.406255262057429,0.016468165234063532,0.7454796308354334,0.41253599601437924,0.13427734375,0.0,27.2705078125,27.7587890625,100.0,217.5597952258305
5,0.75125,chat,157.0,29.9794921875,42.90825271606445,48.450767517089844,4.527756165869046,0.01628774697239104,0.00740660891115867,0.02017825185536532,0.1220703125,0.0,27.392578125,27.7587890625,100.0,217.5597952258305
5,0.75125,chat,158.0,29.9794921875,42.90825271606445,48.450767517089844,3.7333914624143234,0.004179464157708667,0.007195363081537687,0.02138266075538694,0.1220703125,0.0,27.5146484375,27.7587890625,100.0,217.5597952258305
5,0.75125,chat,159.0,29.9794921875,42.90825271606445,48.450767517089844,3.3724666808164576,0.023780045008807676,0.01376542585011111,0.01953125,0.1220703125,0.0,27.63671875,27.7587890625,100.0,217.5597952258305
5,0.75125,chat,160.0,29.9794921875,42.90825271606445,48.450767517089844,2.577778970059202,0.013158766094312803,0.021297892908149513,0.019798054978518446,0.0732421875,0.0,27.7099609375,27.7587890625,100.0,217.5597952258305
5,0.75125,chat,161.0,29.9794921875,42.90825271606445,48.450767517089844,2.157076778641138,0.0,0.007591955633104366,0.020287268133104365,0.10986328125,0.0,27.81982421875,27.7587890625,100.0,217.5597952258305
5,0.75125,chat,162.0,29.9794921875,42.90825271606445,48.450767517089844,2.2300557793787696,0.0,0.007010588267108089,0.01953125,0.0732421875,0.0,27.89306640625,27.7587890625,100.0,217.5597952258305
5,0.75125,chat,163.0,29.9794921875,42.90825271606445,48.450767517089844,2.3030669669450394,0.015021939817816264,0.007684520762161624,0.01953125,0.0732421875,0.0,27.96630859375,27.7587890625,100.0,217.5597952258305
5,0.75125,chat,164.0,29.9794921875,42.90825271606445,48.450767517089844,2.361198604882996,0.00959468717665064,0.006916952421504865,0.01953125,0.048828125,0.0,28.01513671875,27.7587890625,100.0,217.5597952258305
5,0.75125,chat,165.0,29.9794921875,42.90825271606445,48.45228610504703,2.42458185235598,0.0,0.007778850468928928,0.019564899531071073,0.0732421875,0.0,28.08837890625,27.7587890625,100.0,217.5597952258305
5,0.75125,chat,166.0,29.9794921875,42.90825271606445,48.45243835449219,2.4975889558294884,0.0,0.006848933008184795,0.020494816991815205,0.0732421875,0.0,28.16162109375,27.7587890625,100.0,217.5597952258305
5,0.75125,chat,167.0,29.9794921875,42.90825271606445,48.450104047969575,2.5705889746301294,0.007108019949779308,0.007753697683522664,0.021425572683522666,0.0732421875,0.0,28.23486328125,27.7587890625,100.0,217.5597952258305
5,0.75125,chat,168.0,29.9794921875,42.90825271606445,48.441368018909166,2.6294865763492776,0.005211222029577451,0.6320518242540729,0.16252589596117129,0.06103515625,0.0,28.2958984375,27.7587890625,100.0,217.5597952258305
5,0.75125,chat,169.0,29.9794921875,42.90825271606445,48.43837922191821,1.909616082178282,0.0,0.12899940878728655,0.04398240537983278,0.06103515625,0.0,28.35693359375,27.7587890625,100.0,217.5597952258305
5,0.75125,chat,170.0,29.9794921875,42.90825271606445,48.43809127807617,1.3579370172296938,0.0,0.009633547064951948,0.0185546875,0.06103515625,0.0,28.41796875,27.7587890625,100.0,217.5597952258305
5,0.75125,chat,171.0,29.9794921875,42.90825271606445,47.89221301182636,0.6227016913602863,0.0,0.002449564503639665,0.004664506344858942,0.03662109375,0.0,28.45458984375,27.7587890625,25.1392341954503,217.5597952258305
5,0.75125,chat,172.0,29.9794921875,42.90825271606445,47.780598174983595,0.0,0.0,0.0009765625,0.0,0.0,0.0,28.45458984375,27.7587890625,0.0,217.5597952258305
5,0.75125,chat,173.0,29.9794921875,42.90825271606445,47.78031921386719,0.0,0.0,0.0009765625,0.0,0.0,0.0,28.45458984375,27.7587890625,0.0,217.5597952258305
5,0.75125,code,0.0,30.1923828125,42.87004089355469,48.2765998840332,0.0,0.0,0.0,0.0,0.0,0.0,0.0,0.0,0.0,234.2400707482189
5,0.75125,code,1.0,30.1923828125,42.87004089355469,48.265682224635576,0.0,0.0,0.0,0.0,0.0,0.0,0.0,0.0,0.0,234.2400707482189
5,0.75125,code,2.0,30.1923828125,42.87004089355469,48.49572979769953,0.0,0.0,0.0,0.0,0.0,0.0,0.0,0.0,0.0,234.2400707482189
5,0.75125,code,3.0,30.1923828125,42.87004089355469,48.56785762719318,0.0,0.0,0.0,0.0,0.0,0.0,0.0,0.0,0.0,234.2400707482189
5,0.75125,code,4.0,30.1923828125,42.87004089355469,48.60956507676063,0.0,0.0,0.0,0.0,0.0,0.0,0.0,0.0,0.0,234.2400707482189
5,0.75125,code,5.0,30.1923828125,42.87004089355469,48.63857375090606,0.0,0.0,0.0,0.0,0.0,0.0,0.0,0.0,0.0,234.2400707482189
5,0.75125,code,6.0,30.1923828125,42.87004089355469,48.627890003368734,0.0,0.0,0.0,0.0,0.0,0.0,0.0,0.0,0.0,234.2400707482189
5,0.75125,code,7.0,30.1923828125,42.87004089355469,48.63275158769244,0.0,0.0,0.0,0.0,0.0,0.0,0.0,0.0,0.0,234.2400707482189
5,0.75125,code,8.0,30.1923828125,42.87004089355469,48.62483081050089,0.0,0.0,0.0,0.0,0.0,0.0,0.0,0.0,0.0,234.2400707482189
5,0.75125,code,9.0,30.1923828125,42.87004089355469,48.61829463507183,0.0,0.0,0.0,0.0,0.0,0.0,0.0,0.0,0.0,234.2400707482189
5,0.75125,code,10.0,30.1923828125,42.87004089355469,48.65777327398371,0.0,0.0,0.00045258437838218037,0.0,0.0,0.0,0.0,0.0,0.0,234.2400707482189
5,0.75125,code,11.0,30.1923828125,42.87004089355469,48.69874120256939,0.0,0.0,0.0005674601974461193,0.0,0.0,0.0,0.0,0.0,0.0,234.2400707482189
5,0.75125,code,12.0,30.1923828125,42.87004089355469,48.73103094203056,0.0,0.0,0.0003645993359257758,0.0,0.0,0.0,0.0,0.0,0.0,234.2400707482189
5,0.75125,code,13.0,30.1923828125,42.87004089355469,48.74318105414905,0.0,0.0,0.0006564732793013839,0.0,0.0,0.0,0.0,0.0,0.0,234.2400707482189
5,0.75125,code,14.0,30.1923828125,42.87004089355469,48.788214802874585,0.0,0.0,0.00027545803571712876,0.0,0.0,0.0,0.0,0.0,0.0,234.2400707482189
5,0.75125,code,15.0,30.2338618856134,42.87004089355469,48.80542453166803,0.0,0.0,0.0885434946282913,0.6961571104199157,0.0,0.0,0.0,0.0,17.225798185405345,234.2400707482189
5,0.75125,code,16.0,30.3681640625,42.87295274312192,48.79522668287051,3.723064723550081,0.0,0.30323687513928055,2.395827091175496,0.0,0.0,0.0,0.0,78.11587869932573,234.2400707482189
5,0.75125,code,17.0,30.3681640625,42.87370300292969,48.79007932022236,5.002334221546399,0.6088880245705436,0.048621023847558044,0.18970976272627746,0.18310546875,0.0,0.18310546875,0.0,100.0,234.2400707482189
5,0.75125,code,18.0,30.3681640625,42.8738791288314,48.77935222591472,5.357884986080503,0.009346811196866674,0.2627425425665534,1.078093347672119,4.58984375,0.0,4.77294921875,0.0,100.0,234.2400707482189
5,0.75125,code,19.0,30.368254290314535,42.873931884765625,48.76804272256723,5.411280637472638,0.0511911334624187,0.04149664526892031,0.03982979179797837,0.5859375,0.0,5.35888671875,0.0,100.0,234.2400707482189
5,0.75125,code,20.0,30.370116312049184,42.87682620486198,48.75706208501089,5.4132584269662924,0.05091238154137184,0.7164795240790811,0.39826897571785685,0.47607421875,0.0,5.8349609375,0.0,100.0,234.2400707482189
5,0.75125,code,21.0,30.3701171875,42.87782287597656,48.746980086796896,5.192066268711678,0.008745378811482879,0.04208964457209641,0.3120080613914669,0.5859375,0.0,6.4208984375,0.0,100.0,234.2400707482189
5,0.75125,code,22.0,30.3701171875,42.87798739172315,48.73729175507014,5.233318862365356,0.0396564207140387,0.6481244881649401,0.2652825105965329,0.42724609375,0.0,6.84814453125,0.0,100.0,234.2400707482189
5,0.75125,code,23.0,30.3701171875,42.8780517578125,48.727656414998535,5.254044943820225,0.009628455662270413,0.11016624435549405,0.10616000200518788,0.4150390625,0.0,7.26318359375,0.0,100.0,234.2400707482189
5,0.75125,code,24.0,30.3701171875,42.878210512580345,48.71271918037411,5.2053976286097505,0.029099781925141642,0.012550033288074504,0.16219536865995804,0.42724609375,0.0,7.6904296875,0.0,100.0,234.2400707482189
5,0.75125,code,25.0,30.3701171875,42.87828063964844,48.69583725656045,5.125436251207357,0.05582095494952064,0.028544950672689168,0.17048581824548312,0.3173828125,0.0,8.0078125,0.0,100.0,234.2400707482189
5,0.75125,code,26.0,30.3701171875,42.87828063964844,48.6892859387593,5.326063773736315,0.013589115647050266,0.07363322414622311,0.06452279828457243,0.341796875,0.0,8.349609375,0.0,100.0,234.2400707482189
5,0.75125,code,27.0,30.3701171875,42.87828063964844,48.678100051341104,5.247501066977608,0.018777886120528702,0.5069338233057186,0.12364322744006341,0.341796875,0.0,8.69140625,0.0,100.0,234.2400707482189
5,0.75125,code,28.0,30.3701171875,42.87828063964844,48.66716884560173,5.018993943682864,0.005870283729066497,1.1468158655143827,0.3247369320778651,0.28076171875,0.0,8.97216796875,0.0,100.0,234.2400707482189
5,0.75125,code,29.0,30.3701171875,42.87828063964844,48.65450929649971,5.153010810501809,0.018315511339907182,0.612705468910746,0.27669241989460003,0.3173828125,0.0,9.28955078125,0.0,100.0,234.2400707482189
5,0.75125,code,30.0,30.3701171875,42.87828063964844,48.64406858410263,4.98130954271461,0.03346915601776085,0.013407594048740885,0.14143775984277368,0.23193359375,0.0,9.521484375,0.0,100.0,234.2400707482189
5,0.75125,code,31.0,30.3701171875,42.87828063964844,48.63232920470463,5.051256270140732,0.018757414742386964,0.013477358056986011,0.06999998541678447,0.2685546875,0.0,9.7900390625,0.0,100.0,234.2400707482189
5,0.75125,code,32.0,30.3701171875,42.87841584109901,48.62301342646159,5.28405204500231,0.01221001221001221,0.30200763657464336,0.08560049677311905,0.23193359375,0.0,10.02197265625,0.0,100.0,234.2400707482189
5,0.75125,code,33.0,30.3701171875,42.878509521484375,48.613079786030234,5.019979099423135,0.003498554622459167,0.43710731180401785,0.1167630855299447,0.244140625,0.0,10.26611328125,0.0,100.0,234.2400707482189
5,0.75125,code,34.0,30.3701171875,42.878509521484375,48.60502324089421,5.050708105695538,0.01721903135503171,0.012006943536703594,0.02439306589564577,0.2197265625,0.0,10.48583984375,0.0,100.0,234.2400707482189
5,0.75125,code,35.0,30.3701171875,42.878509521484375,48.59656190542553,5.256000327410553,0.02442002442002442,0.018313099992628912,0.027231689994594535,0.20751953125,0.0,10.693359375,0.0,100.0,234.2400707482189
5,0.75125,code,36.0,30.3701171875,42.878509521484375,48.589425954571794,4.918335462081938,0.02442002442002442,0.0078125,0.019070620810932287,0.1953125,0.0,10.888671875,0.0,100.0,234.2400707482189
5,0.75125,code,37.0,30.3701171875,42.878509521484375,48.582143032911596,4.856528092369716,0.007775681078794135,0.0078125,0.01776128803999257,0.1953125,0.0,11.083984375,0.0,100.0,234.2400707482189
5,0.75125,code,38.0,30.3701171875,42.878509521484375,48.57567457378607,5.02666418725703,0.008227846081734762,0.007675325754824072,0.029391452868898264,0.1953125,0.0,11.279296875,0.0,100.0,234.2400707482189
5,0.75125,code,39.0,30.3701171875,42.878623986682996,48.56853933602075,5.204992698366438,0.01221001221001221,0.07126031438728489,0.10409453543489845,0.15869140625,0.0,11.43798828125,0.0,100.0,234.2400707482189
5,0.75125,code,40.0,30.3701171875,42.87873840332031,48.5609617641887,5.371162340706199,0.00416756210531659,0.6740851065791973,0.17919485834974552,0.18310546875,0.0,11.62109375,0.0,100.0,234.2400707482189
5,0.75125,code,41.0,30.3701171875,42.87873840332031,48.55406167999259,4.947085090279225,0.015898939545559376,0.03722271876805028,0.023703602846146782,0.1708984375,0.0,11.7919921875,0.0,100.0,234.2400707482189
5,0.75125,code,42.0,30.3701171875,42.87873840332031,48.54823929856535,4.785164027960658,0.008719519798332251,0.0101509855341115,0.018797888041805624,0.146484375,0.0,11.9384765625,0.0,100.0,234.2400707482189
5,0.75125,code,43.0,30.3701171875,42.87873840332031,48.54382901537891,4.938703464498887,0.015500956621111162,0.6439808189149767,0.09696254647494165,0.1708984375,0.0,12.109375,0.0,100.0,234.2400707482189
5,0.75125,code,44.0,30.3701171875,42.87873840332031,48.53810319694702,5.088985345863723,0.009111402766349386,0.10994790770705931,0.04450639769752816,0.13427734375,0.0,12.24365234375,0.0,100.0,234.2400707482189
5,0.75125,code,45.0,30.3701171875,42.87873840332031,48.533759300539025,5.227190333779633,0.007556092945166223,0.0078125,0.020782204260079474,0.1708984375,0.0,12.41455078125,0.0,100.0,234.2400707482189
5,0.75125,code,46.0,30.3701171875,42.87873840332031,48.52890396118164,5.383169645476906,0.01221001221001221,1.0577652309725747,0.49287452369591833,0.1220703125,0.0,12.53662109375,0.0,100.0,234.2400707482189
5,0.75125,code,47.0,30.3701171875,42.87873840332031,48.525853497803304,4.860724329214165,0.01221001221001221,0.4062019252402561,0.1996264272519575,0.1708984375,0.0,12.70751953125,0.0,100.0,234.2400707482189
5,0.75125,code,48.0,30.3701171875,42.87873840332031,48.51826436803799,4.55010072818425,0.004970600440947142,0.007484370367656831,0.01953125,0.10986328125,0.0,12.8173828125,0.0,100.0,234.2400707482189
5,0.75125,code,49.0,30.3701171875,42.87873840332031,48.51352310180664,4.690879448362585,0.021418688331793292,0.014431391921710762,0.11941634627308968,0.146484375,0.0,12.9638671875,0.0,100.0,234.2400707482189
5,0.75125,code,50.0,30.3701171875,42.87873840332031,48.510775887619104,4.8083961614748825,0.015512071230027683,0.01744512496473229,0.08954693457278007,0.10986328125,0.0,13.07373046875,0.0,100.0,234.2400707482189
5,0.75125,code,51.0,30.3701171875,42.87873840332031,48.50583267211914,4.9334156366670285,0.006939535854649995,0.011523481554844634,0.01953125,0.13427734375,0.0,13.2080078125,0.0,100.0,234.2400707482189
5,0.75125,code,52.0,30.3701171875,42.87873840332031,48.50320458674434,5.058576775033747,0.01221001221001221,0.016519885219115932,0.020453530735153897,0.13427734375,0.0,13.34228515625,0.0,100.0,234.2400707482189
5,0.75125,code,53.0,30.3701171875,42.87873840332031,48.49796995304394,5.181392484244878,0.005474717843019224,0.018629511877343338,0.020654447559746984,0.10986328125,0.0,13.4521484375,0.0,100.0,234.2400707482189
5,0.75125,code,54.0,30.3701171875,42.87873840332031,48.4959520065948,5.301719048691339,0.006637710309717587,0.007204889750006022,0.01953125,0.146484375,0.0,13.5986328125,0.0,100.0,234.2400707482189
5,0.75125,code,55.0,30.3701171875,42.87873840332031,48.49109796430783,3.9557090922036386,0.005674450750932519,0.770746001017624,8.753069634480207,0.09765625,0.0,13.6962890625,0.0,100.0,234.2400707482189
5,0.75125,code,56.0,30.3701171875,42.87873840332031,48.48957374278982,4.0462641742999725,0.006430387098794932,1.6706293725379096,18.959124534648733,0.13427734375,0.0,13.83056640625,0.0,100.0,234.2400707482189
5,0.75125,code,57.0,30.3701171875,42.87873840332031,48.485260009765625,5.32522369647337,0.018538995264340434,0.02998790797659922,0.018324962757309653,0.146484375,4.98046875,13.97705078125,4.98046875,100.0,234.2400707482189
5,0.75125,code,58.0,30.3701171875,42.87873840332031,48.4839316497589,5.238111847093727,0.02442002442002442,0.010127011636871986,0.017760962452048442,0.1953125,0.0,14.17236328125,4.98046875,100.0,234.2400707482189
5,0.75125,code,59.0,30.3701171875,42.87873840332031,48.47891983022147,5.144088552170771,0.01829591025145053,0.021951796150495466,0.02908771577288051,0.1708984375,0.0,14.34326171875,4.98046875,100.0,234.2400707482189
5,0.75125,code,60.0,30.3701171875,42.87873840332031,48.475440979003906,5.314081069892363,0.01221001221001221,0.0070160879775953275,0.08690428185137757,0.18310546875,0.0,14.5263671875,4.98046875,100.0,234.2400707482189
5,0.75125,code,61.0,30.3701171875,42.87873840332031,48.47457974979933,5.151834787443284,0.01221001221001221,0.008702664676268523,0.01953125,0.1708984375,0.0,14.697265625,4.98046875,100.0,234.2400707482189
5,0.75125,code,62.0,30.3701171875,42.87873840332031,48.47072321382706,4.956575654125975,0.01221001221001221,0.006842996102261113,0.01953125,0.15869140625,0.0,14.85595703125,4.98046875,100.0,234.2400707482189
5,0.75125,code,63.0,30.3701171875,42.87873840332031,48.46734182550496,5.108020655557923,0.01221001221001221,0.6832019459463702,0.1687023833696789,0.146484375,0.0,15.00244140625,4.98046875,100.0,234.2400707482189
5,0.75125,code,64.0,30.3701171875,42.87873840332031,48.46441653242247,5.254589754053107,0.006610628809797171,0.07749146566362486,0.03511418155389534,0.15869140625,0.0,15.1611328125,4.98046875,100.0,234.2400707482189
5,0.75125,code,65.0,30.3701171875,42.87873840332031,48.46199618515828,5.3275280898876405,0.005487640491469273,0.007669780799213607,0.018697406700786394,0.146484375,0.0,15.3076171875,4.98046875,100.0,234.2400707482189
5,0.75125,code,66.0,30.3701171875,42.87873840332031,48.45971369128603,5.154785237247798,0.01221001221001221,0.0070249244568478305,0.0185546875,0.146484375,1.18408203125,15.4541015625,6.16455078125,100.0,234.2400707482189
5,0.75125,code,67.0,30.3701171875,42.87873840332031,48.45769369229074,4.999224367400402,0.01221001221001221,0.007577345101946337,0.022261725509731684,0.1708984375,0.0,15.625,6.16455078125,100.0,234.2400707482189
5,0.75125,code,68.0,30.3701171875,42.87873840332031,48.45592196607023,5.150225000547352,0.01221001221001221,0.026572947424151998,0.020658174455681185,0.146484375,0.0,15.771484375,6.16455078125,100.0,234.2400707482189
5,0.75125,code,69.0,30.3701171875,42.87873840332031,48.45438387035491,5.297926856084125,0.01221001221001221,0.47693104126997365,0.13038114969936382,0.15869140625,0.0,15.93017578125,6.16455078125,100.0,234.2400707482189
5,0.75125,code,70.0,30.3701171875,42.87873840332031,48.45320835303565,5.331492906069013,0.017197486504710244,0.7005695081798994,0.17688556837839084,0.13427734375,0.0,16.064453125,6.16455078125,100.0,234.2400707482189
5,0.75125,code,71.0,30.3701171875,42.87873840332031,48.45275115966797,5.310406111517219,0.0195333511006654,0.3055093348974509,0.08461306863061338,0.146484375,0.54931640625,16.2109375,6.7138671875,100.0,234.2400707482189
5,0.75125,code,72.0,30.3701171875,42.87873840332031,48.45276668795043,5.405333337525786,0.01699817977431063,0.007302622059719352,0.01953125,0.1220703125,0.0,16.3330078125,6.7138671875,100.0,234.2400707482189
5,0.75125,code,73.0,30.3701171875,42.87873840332031,48.45271403458279,5.3888689537826435,0.015043798161096803,0.007760557469549364,0.018606630030450634,0.146484375,1.171875,16.4794921875,7.8857421875,100.0,234.2400707482189
5,0.75125,code,74.0,30.3701171875,42.87873840332031,48.44840123001959,5.198764345192878,0.0,0.007957642356128313,0.02007238543161506,0.15869140625,1.59912109375,16.63818359375,9.48486328125,100.0,234.2400707482189
5,0.75125,code,75.0,30.3701171875,42.87873840332031,48.43754141747358,5.104297632357874,0.004482883389515629,0.007942052369728917,0.021225270260542165,0.18310546875,0.0,16.8212890625,9.48486328125,100.0,234.2400707482189
5,0.75125,code,76.0,30.3701171875,42.87873840332031,48.43752670288086,5.213835080443894,0.01221001221001221,0.23771993700257427,0.07200541859612027,0.146484375,0.0,16.9677734375,9.48486328125,100.0,234.2400707482189
5,0.75125,code,77.0,30.3701171875,42.87873840332031,48.43752472916197,5.293768132469194,0.01221001221001221,0.5100527204859571,0.17785770869076345,0.146484375,1.6357421875,17.1142578125,11.12060546875,100.0,234.2400707482189
5,0.75125,code,78.0,30.3701171875,42.87873840332031,48.4372876011213,5.338093934221261,0.00804688355039537,0.008492495835214952,0.14971268607410596,0.18310546875,0.0,17.29736328125,11.12060546875,100.0,234.2400707482189
5,0.75125,code,79.0,30.3701171875,42.87873840332031,48.43749618384008,5.245758704244667,0.008121380925281791,0.010198666243301274,0.10003353743301274,0.1708984375,0.59814453125,17.46826171875,11.71875,100.0,234.2400707482189
5,0.75125,code,80.0,30.3701171875,42.87873840332031,48.437732946475556,5.220929740151554,0.155114797935631,0.007678032065604012,0.06864167067382469,0.1708984375,1.18408203125,17.63916015625,12.90283203125,100.0,234.2400707482189
5,0.75125,code,81.0,30.3701171875,42.87873840332031,48.437740325927734,5.013638266248194,0.30006082736113704,0.0068359375,0.03555372576914206,0.23193359375,0.30517578125,17.87109375,13.2080078125,100.0,234.2400707482189
5,0.75125,code,82.0,30.3701171875,42.87873840332031,48.437740325927734,5.2350733641971265,0.02817079156700719,0.1035863623233604,0.17104484498660505,0.18310546875,0.4150390625,18.05419921875,13.623046875,100.0,234.2400707482189
5,0.75125,code,83.0,30.3701171875,42.87873840332031,48.43751678263955,5.340104405273255,0.029336841829171453,2.2842553603260463,0.020268755496022417,0.23193359375,2.08740234375,18.2861328125,15.71044921875,100.0,234.2400707482189
5,0.75125,code,84.0,30.3701171875,42.87873840332031,48.43769589937556,5.2501616951995524,0.02285331115284055,0.12895946724600327,0.021380919007475657,0.25634765625,0.3662109375,18.54248046875,16.07666015625,100.0,234.2400707482189
5,0.75125,code,85.0,30.3701171875,42.87873840332031,48.437713623046875,4.951561076975345,0.038487427759949504,0.023622940292879986,0.017970943823804448,0.244140625,0.0,18.78662109375,16.07666015625,100.0,234.2400707482189
5,0.75125,code,86.0,30.3701171875,42.87894228072248,48.437713623046875,4.062997839223672,0.025618945078511667,0.01042265876239771,0.1497951600988202,0.20751953125,1.318359375,18.994140625,17.39501953125,100.0,234.2400707482189
5,0.75125,code,87.0,30.3701171875,42.87896728515625,48.437713623046875,5.123354224108103,0.05129012902461984,0.0070282308373341065,0.04893703479878887,0.2197265625,1.45263671875,19.2138671875,18.84765625,100.0,234.2400707482189
5,0.75125,code,88.0,30.3701171875,42.87896728515625,48.437713623046875,5.274584550981409,0.018117181359992116,0.5455660307685033,0.15508217688996317,0.28076171875,0.0,19.49462890625,18.84765625,100.0,234.2400707482189
5,0.75125,code,89.0,30.3701171875,42.87896728515625,48.43163959720635,5.244830868008525,0.009152462896043614,1.1626901106782679,0.4749480100984851,0.25634765625,0.01220703125,19.7509765625,18.85986328125,100.0,234.2400707482189
5,0.75125,code,90.0,30.3701171875,42.87896728515625,48.43058776855469,5.359631138742322,0.030736539538622598,0.9330186521158637,0.3199774606364299,0.1708984375,0.0,19.921875,18.85986328125,100.0,234.2400707482189
5,0.75125,code,91.0,30.3701171875,42.87896728515625,48.42423549674904,5.277766326069321,0.009382400700464932,0.3042602142853738,0.08171825992910549,0.244140625,0.3173828125,20.166015625,19.17724609375,100.0,234.2400707482189
5,0.75125,code,92.0,30.3701171875,42.87896728515625,48.42289733886719,5.440483390480124,0.00816687679305931,0.84444051725134,0.16974865760773844,0.2197265625,0.0,20.3857421875,19.17724609375,100.0,234.2400707482189
5,0.75125,code,93.0,30.3701171875,42.87896728515625,48.42289733886719,5.415772294209587,0.03663003663003663,0.7111911348030988,0.14739632940996789,0.2197265625,2.33154296875,20.60546875,21.5087890625,100.0,234.2400707482189
5,0.75125,code,94.0,30.3701171875,42.87896728515625,48.42323319178534,5.2325389748869116,0.029055594905597826,0.0393321804341573,0.017578125,0.20751953125,2.1240234375,20.81298828125,23.6328125,100.0,234.2400707482189
5,0.75125,code,95.0,30.3701171875,42.87896728515625,48.42332458496094,5.0504497462678515,0.007274664820019983,0.04646631482268352,0.01963019626266546,0.244140625,0.0,21.05712890625,23.6328125,100.0,234.2400707482189
5,0.75125,code,96.0,30.3701171875,42.87896728515625,48.42348389704914,5.259247271760497,0.03430689374881961,0.2928549066229912,0.08010251546101096,0.1708984375,0.0,21.22802734375,23.6328125,100.0,234.2400707482189
5,0.75125,code,97.0,30.3701171875,42.87896728515625,48.42353439331055,5.424381847864231,0.01997656745533836,0.5227130724418292,0.1261074163976414,0.23193359375,0.0,21.4599609375,23.6328125,100.0,234.2400707482189
5,0.75125,code,98.0,30.3701171875,42.87896728515625,48.42369083575808,5.245564797233939,0.004226589760464305,0.007379003471496858,0.020669776042754714,0.18310546875,0.47607421875,21.64306640625,24.10888671875,100.0,234.2400707482189
5,0.75125,code,99.0,30.3701171875,42.87896728515625,48.42374801635742,4.710675219747409,0.020401229742134482,0.008340518860203771,0.021694492978573607,0.13427734375,0.69580078125,21.77734375,24.8046875,100.0,234.2400707482189
5,0.75125,code,100.0,30.3701171875,42.87896728515625,48.419776093718845,4.899194685962891,0.0019028722831838105,0.011456533721824164,0.030271694867689776,0.2197265625,0.0,21.9970703125,24.8046875,100.0,234.2400707482189
5,0.75125,code,101.0,30.3701171875,42.87896728515625,48.41812515258789,5.064349646123212,0.014013587513081995,0.0289534006634022,0.02096066910614435,0.146484375,0.0,22.1435546875,24.8046875,100.0,234.2400707482189
5,0.75125,code,102.0,30.3701171875,42.87896728515625,48.41812515258789,5.26230449048513,0.02101261019223009,0.008980412348730975,0.017744969621247282,0.1953125,0.0,22.3388671875,24.8046875,100.0,234.2400707482189
5,0.75125,code,103.0,30.3701171875,42.87896728515625,48.41812515258789,5.301565617149434,0.0032197673889784507,0.02096093967291421,0.019792967663542896,0.1708984375,0.0,22.509765625,24.8046875,100.0,234.2400707482189
5,0.75125,code,104.0,30.3701171875,42.87896728515625,48.41812515258789,4.744060258377054,0.021402933467026687,0.00793049865029363,0.026308188174853184,0.15869140625,0.0,22.66845703125,24.8046875,100.0,234.2400707482189
5,0.75125,code,105.0,30.3701171875,42.87896728515625,48.41812515258789,4.881930338628806,0.004229017273159513,0.6590422169235939,0.17118739367139407,0.15869140625,0.0,22.8271484375,24.8046875,100.0,234.2400707482189
5,0.75125,code,106.0,30.3701171875,42.87896728515625,48.41812034764472,5.008689496195275,0.03270944680221978,0.07832574146196003,0.035239012328463104,0.13427734375,0.0,22.96142578125,24.8046875,100.0,234.2400707482189
5,0.75125,code,107.0,30.3701171875,42.87896728515625,48.41811752319336,4.815445190495844,0.002417025973590041,0.03005342381527587,0.14376327441452344,0.15869140625,1.35498046875,23.1201171875,26.15966796875,100.0,234.2400707482189
5,0.75125,code,108.0,30.3701171875,42.87896728515625,48.41811752319336,4.962363060871352,0.02219635040830676,0.012275615059183235,0.04867237978133876,0.1220703125,0.0,23.2421875,26.15966796875,100.0,234.2400707482189
5,0.75125,code,109.0,30.3701171875,42.87896728515625,48.41811752319336,5.117205542044811,0.0,0.00830614585554968,0.10847885551075573,0.18310546875,0.0,23.42529296875,26.15966796875,100.0,234.2400707482189
5,0.75125,code,110.0,30.3701171875,42.87896728515625,48.41850390484644,5.243263754512218,0.0009114375714303648,0.0074133834758413905,0.05653025007464205,0.1220703125,0.0,23.54736328125,26.15966796875,100.0,234.2400707482189
5,0.75125,code,111.0,30.3701171875,42.87896728515625,48.418785095214844,5.379964986897312,0.011400442181633476,0.007477407993697405,0.0224609375,0.1708984375,0.0,23.71826171875,26.15966796875,100.0,234.2400707482189
5,0.75125,code,112.0,30.3701171875,42.87896728515625,48.418785095214844,4.9195681851459145,0.0,0.43016065448499935,0.1106238808903807,0.1220703125,0.7568359375,23.84033203125,26.91650390625,100.0,234.2400707482189
5,0.75125,code,113.0,30.3701171875,42.87896728515625,48.418785095214844,5.064108255594125,0.0012000195984745254,0.3110402004764145,0.08399441643282288,0.146484375,0.0,23.98681640625,26.91650390625,100.0,234.2400707482189
5,0.75125,code,114.0,30.3701171875,42.87896728515625,48.418911767949076,5.185556188860815,0.023424178493323785,0.007782930868030903,0.01953125,0.09765625,0.0,24.08447265625,26.91650390625,100.0,234.2400707482189
5,0.75125,code,115.0,30.3701171875,42.87896728515625,48.41902542114258,5.307424382981673,0.00039794057661898596,0.010027445086505575,0.01998717965521508,0.146484375,0.0,24.23095703125,26.91650390625,100.0,234.2400707482189
5,0.75125,code,116.0,30.3701171875,42.87896728515625,48.41902542114258,5.4106054582681296,0.011918991355169647,0.010807328357322867,0.02132625439790775,0.1220703125,0.0,24.35302734375,26.91650390625,98.32383099308493,234.2400707482189
5,0.75125,code,117.0,30.3701171875,42.87896728515625,48.3384459160962,4.300849810454351,0.0003780788639235744,0.007199253804263876,0.03190716141086078,0.10986328125,1.513671875,24.462890625,28.43017578125,97.48814358226484,234.2400707482189
5,0.75125,code,118.0,30.3701171875,42.87896728515625,48.253878257485994,4.434160667639029,0.024269921126871978,0.011616635659011082,0.039609268572142656,0.10986328125,0.0,24.57275390625,28.43017578125,100.0,234.2400707482189
5,0.75125,code,119.0,30.3701171875,42.87896728515625,48.25370407104492,4.54347905340177,5.069270284997849e-05,0.016288703699081468,0.0224609375,0.0,0.0,24.57275390625,28.43017578125,100.0,234.2400707482189
5,0.75125,code,120.0,30.3701171875,42.87896728515625,48.25370407104492,5.197842688775135,0.03623050368539927,0.17446745070333558,0.056417442200947736,0.13427734375,0.0,24.70703125,28.43017578125,100.0,234.2400707482189
5,0.75125,code,121.0,30.3701171875,42.87896728515625,48.25370407104492,5.337183349201907,0.0007047445552316785,0.6039486248333027,0.14321586105763434,0.1220703125,1.84326171875,24.8291015625,30.2734375,100.0,234.2400707482189
5,0.75125,code,122.0,30.3701171875,42.87896728515625,48.25370407104492,5.0776825546398205,0.0,0.00964391346244227,0.0185546875,0.1708984375,0.0,25.0,30.2734375,100.0,234.2400707482189
5,0.75125,code,123.0,30.3701171875,42.87896728515625,48.25370250709292,5.176642775392823,0.0,0.021484375,0.018638926716670633,0.1220703125,2.1240234375,25.1220703125,32.3974609375,100.0,234.2400707482189
5,0.75125,code,124.0,30.3701171875,42.87896728515625,48.253700256347656,5.274209102950755,0.011670377505877037,0.020917623658184302,0.01953125,0.10986328125,0.0,25.23193359375,32.3974609375,100.0,234.2400707482189
5,0.75125,code,125.0,30.3701171875,42.87896728515625,48.253700256347656,5.185721372109984,0.0006429889294794948,0.006974382453727911,0.01953125,0.08544921875,0.0,25.3173828125,32.3974609375,100.0,234.2400707482189
5,0.75125,code,126.0,30.3701171875,42.87896728515625,48.253700256347656,5.28408401473311,0.0,0.007756478483921467,0.01953125,0.08544921875,1.025390625,25.40283203125,33.4228515625,100.0,234.2400707482189
5,0.75125,code,127.0,30.3701171875,42.87896728515625,48.253700256347656,5.381980731055073,0.011364671987405602,0.021793851382918977,0.018657415538567566,0.10986328125,0.0,25.5126953125,33.4228515625,100.0,234.2400707482189
5,0.75125,code,128.0,30.3701171875,42.87896728515625,48.253700256347656,4.744901011927878,0.01221001221001221,0.010196439013590216,0.01938225381165061,0.08544921875,0.0,25.59814453125,33.4228515625,100.0,234.2400707482189
5,0.75125,code,129.0,30.3701171875,42.87896728515625,48.25377163510178,4.82498296036478,0.001051588727521203,0.00703175489593913,0.054664779682739174,0.1220703125,1.30615234375,25.72021484375,34.72900390625,100.0,234.2400707482189
5,0.75125,code,130.0,30.3701171875,42.87896728515625,48.25391387939453,4.582603237600632,0.0,0.0068359375,0.03196198525166143,0.15869140625,0.0,25.87890625,34.72900390625,100.0,234.2400707482189
5,0.75125,code,131.0,30.3701171875,42.87896728515625,48.253979856481905,4.698714501123914,0.0,0.0068359375,0.021484375,0.20751953125,0.40283203125,26.08642578125,35.1318359375,100.0,234.2400707482189
5,0.75125,code,132.0,30.3701171875,42.87896728515625,48.254127502441406,4.899891964052522,0.043332390535031684,0.0068359375,0.01892134168869306,0.15869140625,0.0,26.2451171875,35.1318359375,100.0,234.2400707482189
5,0.75125,code,133.0,30.3701171875,42.87896728515625,48.25418803916719,5.063348686321837,0.005900673807779939,0.0068359375,0.019955220161189696,0.15869140625,0.0,26.40380859375,35.1318359375,100.0,234.2400707482189
5,0.75125,code,134.0,30.3701171875,42.87896728515625,48.25472833996555,5.221324048862651,0.010639892831745596,0.0068359375,0.019841126517076386,0.20751953125,0.0,26.611328125,35.1318359375,100.0,234.2400707482189
5,0.75125,code,135.0,30.3701171875,42.87896728515625,48.25542571190088,5.4109744112121305,0.001668569161682109,0.0068359375,0.01905594560092037,0.146484375,0.0,26.7578125,35.1318359375,100.0,234.2400707482189
5,0.75125,code,136.0,30.3701171875,42.87896728515625,48.25442793252348,4.3689569243709725,0.09401923593952533,0.007289846166861523,0.019985158666861524,0.20751953125,0.0,26.96533203125,35.1318359375,100.0,234.2400707482189
5,0.75125,code,137.0,30.3701171875,42.87896728515625,48.254425048828125,4.3442300230955055,0.016759269714688996,0.007406232641999959,0.06154081565800412,0.13427734375,0.0,27.099609375,35.1318359375,100.0,234.2400707482189
5,0.75125,code,138.0,30.3701171875,42.87896728515625,48.254425048828125,4.485326754883547,0.0,0.7675651473846936,0.32765808328597457,0.1708984375,0.10986328125,27.2705078125,35.24169921875,100.0,234.2400707482189
5,0.75125,code,139.0,30.3701171875,42.87896728515625,48.254425048828125,4.649487674396282,0.0,1.4102270727363782,0.47247963585100994,0.13427734375,0.0,27.40478515625,35.24169921875,100.0,234.2400707482189
5,0.75125,code,140.0,30.3701171875,42.87896728515625,48.254425048828125,4.789256262088483,0.0,0.007102178206601884,0.020951893586796232,0.1708984375,0.0,27.57568359375,35.24169921875,100.0,234.2400707482189
5,0.75125,code,141.0,30.3701171875,42.87896728515625,48.254425048828125,4.952751454127109,0.0,0.007592785386398432,0.019091820772796864,0.13427734375,0.0,27.7099609375,35.24169921875,100.0,234.2400707482189
5,0.75125,code,142.0,30.3701171875,42.87896728515625,48.254425048828125,5.093239402914248,0.0,0.009962961980762196,0.017925572164529134,0.1708984375,0.0,27.880859375,35.24169921875,100.0,234.2400707482189
5,0.75125,code,143.0,30.3701171875,42.87896728515625,48.254425048828125,5.25620773387333,0.0,0.02288858918707523,0.01953125,0.13427734375,0.0,28.01513671875,35.24169921875,100.0,234.2400707482189
5,0.75125,code,144.0,30.3701171875,42.87896728515625,48.254425048828125,5.397191363026328,0.0,0.012295833102764867,0.02488427392295078,0.1708984375,0.0,28.18603515625,35.24169921875,100.0,234.2400707482189
5,0.75125,code,145.0,30.3701171875,42.87896728515625,48.254425048828125,4.525867462634606,0.019083130288080518,0.007778328687973897,0.08267145959425111,0.13427734375,0.0,28.3203125,35.24169921875,100.0,234.2400707482189
5,0.75125,code,146.0,30.3701171875,42.87896728515625,48.254425048828125,4.359415316776568,0.0055562072712066765,0.0068473817244496995,0.02029801303812985,0.1220703125,0.0,28.4423828125,35.24169921875,100.0,234.2400707482189
5,0.75125,code,147.0,30.3701171875,42.87896728515625,48.25444909167857,4.487392885133458,0.0,0.007754249515622539,0.021367874031245078,0.13427734375,0.0,28.57666015625,35.24169921875,100.0,234.2400707482189
5,0.75125,code,148.0,30.3701171875,42.87896728515625,48.25463414669745,4.546973445085845,0.0,0.006941109148421414,0.022355765851578585,0.13427734375,0.0,28.7109375,35.24169921875,100.0,234.2400707482189
5,0.75125,code,149.0,30.3701171875,42.87896728515625,48.25435256958008,4.656612427810142,0.009122891456252842,0.008484246974173488,0.019164318551653025,0.10986328125,0.4638671875,28.82080078125,35.70556640625,100.0,234.2400707482189
5,0.75125,code,150.0,30.3701171875,42.87896728515625,48.25435256958008,4.790227595831787,0.021232850766999677,0.007232644591623488,0.07069468743061315,0.1220703125,0.0,28.94287109375,35.70556640625,100.0,234.2400707482189
5,0.75125,code,151.0,30.3701171875,42.87896728515625,48.25435256958008,4.852240097052226,0.01549824453014566,0.5276686349022693,0.15055147537023386,0.1220703125,0.0,29.06494140625,35.70556640625,100.0,234.2400707482189
5,0.75125,code,152.0,30.3701171875,42.87896728515625,48.25435256958008,4.959431593824281,0.021028321169514527,0.21487544451873292,0.319991581447995,0.10986328125,1.2939453125,29.1748046875,36.99951171875,100.0,234.2400707482189
5,0.75125,code,153.0,30.3701171875,42.87896728515625,48.25435256958008,4.095983868227684,0.006980504170569925,0.008111287988922687,0.14559730906038013,0.1220703125,0.0,29.296875,36.99951171875,100.0,234.2400707482189
5,0.75125,code,154.0,30.3701171875,42.87896728515625,48.25435256958008,3.8045560834024457,0.0,0.007605793719381062,0.03373047536742725,0.13427734375,0.0,29.43115234375,36.99951171875,100.0,234.2400707482189
5,0.75125,code,155.0,30.3701171875,42.87896728515625,48.25435256958008,2.9202380174293907,0.0,0.007381133779482313,0.029884039292424502,0.09765625,0.0,29.52880859375,36.99951171875,100.0,234.2400707482189
5,0.75125,code,156.0,30.3701171875,42.87896728515625,48.25435256958008,2.573493578317528,0.0,0.0073144090331737355,0.01953125,0.06103515625,0.0,29.58984375,36.99951171875,100.0,234.2400707482189
5,0.75125,code,157.0,30.3701171875,42.87896728515625,48.25435256958008,2.6463628860941313,0.0,0.007738099049109368,0.08809552773231193,0.0732421875,0.0,29.6630859375,36.99951171875,100.0,234.2400707482189
5,0.75125,code,158.0,30.3701171875,42.87896728515625,48.2545828276064,1.7733664541282161,0.0,0.008384632336071092,0.10609093491887704,0.0732421875,0.0,29.736328125,36.99951171875,100.0,234.2400707482189
5,0.75125,code,159.0,30.3701171875,42.87896728515625,48.25459289550781,1.3511876242514402,0.0,0.004947419734594391,0.011750121869661678,0.03662109375,0.0,29.77294921875,36.99951171875,100.0,234.2400707482189
5,0.75125,code,160.0,30.3701171875,42.87896728515625,47.64452157050585,0.4697807755007006,0.0,0.0,0.0,0.0244140625,0.0,29.79736328125,36.99951171875,68.01065259898047,234.2400707482189
5,0.75125,code,161.0,30.3701171875,42.87896728515625,47.600303649902344,0.0,0.0,0.0,0.0,0.01220703125,0.0,29.8095703125,36.99951171875,0.0,234.2400707482189
5,0.75125,code,162.0,30.3701171875,42.87896728515625,47.600303649902344,0.0,0.0,0.0,0.0,0.0,0.0,29.8095703125,36.99951171875,0.0,234.2400707482189
10,0.87625,chat,0.0,35.1142578125,42.812198638916016,48.01921463012695,0.0,0.0,0.0,0.0,0.0,0.0,0.0,0.0,0.0,348.122652333013
10,0.87625,chat,1.0,35.1142578125,42.812423884946774,48.0133244464227,0.0,0.0,0.0,0.0,0.0,0.0,0.0,0.0,0.0,348.122652333013
10,0.87625,chat,2.0,35.1142578125,42.81242752075195,48.212206241810456,0.0,0.0,0.0,0.0,0.0,0.0,0.0,0.0,0.0,348.122652333013
10,0.87625,chat,3.0,35.1142578125,42.81242752075195,48.29404380603977,0.0,0.0,0.0,0.0,0.0,0.0,0.0,0.0,0.0,348.122652333013
10,0.87625,chat,4.0,35.1142578125,42.81242752075195,48.34327644488758,0.0,0.0,0.0,0.0,0.0,0.0,0.0,0.0,0.0,348.122652333013
10,0.87625,chat,5.0,35.1142578125,42.81242752075195,48.366787790249425,0.0,0.0,0.0,0.0,0.0,0.0,0.0,0.0,0.0,348.122652333013
10,0.87625,chat,6.0,35.1142578125,42.81242752075195,48.35855234974297,0.0,0.0,0.0,0.0,0.0,0.0,0.0,0.0,0.0,348.122652333013
10,0.87625,chat,7.0,35.1142578125,42.81242752075195,48.36465422859184,0.0,0.0,0.0,0.0,0.0,0.0,0.0,0.0,0.0,348.122652333013
10,0.87625,chat,8.0,35.1142578125,42.81242752075195,48.36087047233571,0.0,0.0,0.0,0.0,0.0,0.0,0.0,0.0,0.0,348.122652333013
10,0.87625,chat,9.0,35.1142578125,42.81242752075195,48.35951290399864,0.0,0.0,0.0,0.0,0.0,0.0,0.0,0.0,0.0,348.122652333013
10,0.87625,chat,10.0,35.1142578125,42.81242752075195,48.371480733811076,0.0,0.0,0.0,0.0,0.0,0.0,0.0,0.0,0.0,348.122652333013
10,0.87625,chat,11.0,35.1142578125,42.81242752075195,48.41029353463035,0.0,0.0,0.0,0.0,0.0,0.0,0.0,0.0,0.0,348.122652333013
10,0.87625,chat,12.0,35.1142578125,42.81242752075195,48.433580696172925,0.0,0.0,0.0,0.0,0.0,0.0,0.0,0.0,0.0,348.122652333013
10,0.87625,chat,13.0,35.1142578125,42.81242752075195,48.47262247172593,0.0,0.0,0.0,0.0,0.0,0.0,0.0,0.0,0.0,348.122652333013
10,0.87625,chat,14.0,35.1142578125,42.81242752075195,48.51708484840726,0.0,0.0,0.0,0.0,0.0,0.0,0.0,0.0,0.0,348.122652333013
10,0.87625,chat,15.0,35.1186043689642,42.81242752075195,48.540689954543666,0.0,0.0,2.330623576102257,0.06954490342714678,0.0,0.0,0.0,0.0,0.0,348.122652333013
10,0.87625,chat,16.0,35.16117342509696,42.814959513108114,48.558122837291656,2.9549300601257316,0.0,8.638588565068538,0.2625235382605462,0.0,0.0,0.0,0.0,17.52599206205503,348.122652333013
10,0.87625,chat,17.0,35.2900390625,42.81598739768202,48.55586405588369,4.4877549848899125,0.43288494058731086,0.007934679004880991,0.027099391990238017,0.0,0.0,0.0,0.0,100.0,348.122652333013
10,0.87625,chat,18.0,35.2900390625,42.81608963012695,48.55414832184944,5.132176118947141,0.010410110035990816,0.010625501089245582,0.025773216372759495,4.35791015625,0.0,4.35791015625,0.0,100.0,348.122652333013
10,0.87625,chat,19.0,35.2900390625,42.81626128753225,48.54837430947304,5.884475495099263,0.0019086617441655134,0.031507966958833726,0.030158462213413395,0.5126953125,0.0,4.87060546875,0.0,100.0,348.122652333013
10,0.87625,chat,20.0,35.2900390625,42.81631851196289,48.546451568603516,6.458101144951775,0.0,0.008231436089357554,0.02643421727429721,0.76904296875,0.0,5.6396484375,0.0,100.0,348.122652333013
10,0.87625,chat,21.0,35.2900390625,42.81631851196289,48.54088037343276,7.2142717972974655,0.20165438806926117,0.008724618702549083,0.022718712689803664,0.5126953125,0.0,6.15234375,0.0,100.0,348.122652333013
10,0.87625,chat,22.0,35.2900390625,42.81631851196289,48.538761138916016,7.795482852434922,0.04443479645301344,0.007922461948612201,0.0233275380513878,0.52490234375,0.0,6.67724609375,0.0,100.0,348.122652333013
10,0.87625,chat,23.0,35.2900390625,42.81647852690754,48.53338463677593,8.329600584302502,0.0,0.008631675714064205,0.02507585142812841,0.7568359375,0.0,7.43408203125,0.0,100.0,348.122652333013
10,0.87625,chat,24.0,35.2900390625,42.81654739379883,48.531070709228516,8.863914000335884,0.0,0.014201849580178082,0.026163880297168297,0.5126953125,0.0,7.94677734375,0.0,100.0,348.122652333013
10,0.87625,chat,25.0,35.2900390625,42.81654739379883,48.531070709228516,9.572931265771828,0.16483321175795818,2.0570012428534787,0.6314609620057346,0.5126953125,0.0,8.45947265625,0.0,100.0,348.122652333013
10,0.87625,chat,26.0,35.2900390625,42.81654739379883,48.526130563563036,10.190798264545506,0.15959173841577357,0.8510276006622524,0.27492259815173203,0.5126953125,0.0,8.97216796875,0.0,100.0,348.122652333013
10,0.87625,chat,27.0,35.29131254820351,42.819068129038726,48.52373229589518,7.337174775348303,0.061045977836670595,0.0078125,0.0228436535929905,0.62255859375,0.0,9.5947265625,0.0,100.0,348.122652333013
10,0.87625,chat,28.0,35.2919921875,42.820583494454176,48.51893184830245,5.13887792504421,0.008431078271510913,0.0078125,0.023854321549316677,0.6103515625,0.0244140625,10.205078125,0.0244140625,100.0,348.122652333013
10,0.87625,chat,29.0,35.2919921875,42.8206672668457,48.516117095947266,8.680320476090742,0.0744254544359568,0.021480557188524374,0.023750458137377074,0.40283203125,0.48828125,10.60791015625,0.5126953125,100.0,348.122652333013
10,0.87625,chat,30.0,35.2919921875,42.82094535476605,48.516117095947266,10.272647263027604,0.09768009768009768,0.02018584038482922,0.18651577631920185,0.4638671875,0.0,11.07177734375,0.5126953125,100.0,348.122652333013
10,0.87625,chat,31.0,35.2919921875,42.82112503051758,48.51154319853432,10.26216694078299,0.07034978236482334,0.0087890625,0.19393165948884317,0.45166015625,0.0,11.5234375,0.5126953125,100.0,348.122652333013
10,0.87625,chat,32.0,35.2919921875,42.821258249402966,48.50395051171067,10.083420130398718,0.04305800922484816,0.05317025518428839,0.08990772917993774,0.45166015625,0.0,11.97509765625,0.5126953125,100.0,348.122652333013
10,0.87625,chat,33.0,35.2919921875,42.82148418479954,48.496610942448264,2.7317512576503216,0.00997141507881242,0.3459570311035153,0.17213272624627243,0.4150390625,0.0,12.39013671875,0.5126953125,98.50309148359622,348.122652333013
10,0.87625,chat,34.0,35.2919921875,42.82158279418945,48.48925534254249,7.3315363063552015,0.05262455425326951,0.49929524298453076,0.1144400988398108,0.42724609375,0.0,12.8173828125,0.5126953125,97.30995448734339,348.122652333013
10,0.87625,chat,35.0,35.2919921875,42.82158279418945,48.485877990722656,9.963614517704393,0.06460783354339611,0.604558093874718,0.21261007183737154,0.3662109375,0.0,13.18359375,0.5126953125,100.0,348.122652333013
10,0.87625,chat,36.0,35.2919921875,42.82158279418945,48.48179961521386,10.129182207073903,0.03542351344486037,1.781761918852709,0.5903167052417858,0.3662109375,0.0,13.5498046875,0.5126953125,100.0,348.122652333013
10,0.87625,chat,37.0,35.2919921875,42.82158279418945,48.47408690060604,9.955580177297314,0.02442002442002442,0.5847864875244269,0.1956812283532902,0.390625,0.0,13.9404296875,0.5126953125,100.0,348.122652333013
10,0.87625,chat,38.0,35.2919921875,42.82158279418945,48.47025680541992,10.069442068794613,0.01608092702538654,0.011496907452087566,0.1623274082522121,0.341796875,0.0,14.2822265625,0.5126953125,100.0,348.122652333013
10,0.87625,chat,39.0,35.2919921875,42.82169505955255,48.47014079787805,10.314157740897805,0.5398137921300582,0.03176039200026728,0.07001318643951462,0.341796875,0.0,14.6240234375,0.5126953125,100.0,348.122652333013
10,0.87625,chat,40.0,35.2919921875,42.82181167602539,48.489942117109074,10.043082258985732,0.27241542509994043,0.042306135799491155,0.49772070057947326,0.3173828125,0.72021484375,14.94140625,1.23291015625,100.0,348.122652333013
10,0.87625,chat,41.0,35.2919921875,42.82181167602539,48.431452866217604,10.069379938208652,0.004171187762569881,0.778855936529281,0.19881743125676465,0.28076171875,0.78125,15.22216796875,2.01416015625,100.0,348.122652333013
10,0.87625,chat,42.0,35.2919921875,42.82181167602539,48.336753905089196,9.8515494553283,0.015872105846719855,2.0529519379593606,0.6911614316604089,0.30517578125,0.0,15.52734375,2.01416015625,100.0,348.122652333013
10,0.87625,chat,43.0,35.2919921875,42.82181167602539,48.334564208984375,9.852930794542822,0.02442002442002442,0.8565091691276285,0.19554316378909065,0.29296875,0.0,15.8203125,2.01416015625,100.0,348.122652333013
10,0.87625,chat,44.0,35.2919921875,42.821908590578076,48.332317406604666,10.127587522981116,0.03214813426808203,0.11146837743923521,0.03690215253789382,0.2685546875,0.0,16.0888671875,2.01416015625,100.0,348.122652333013
10,0.87625,chat,45.0,35.2919921875,42.82204055786133,48.32735175475468,10.322617393532967,0.03663003663003663,0.02672999812382164,0.021895937265477707,0.2685546875,0.0,16.357421875,2.01416015625,100.0,348.122652333013
10,0.87625,chat,46.0,35.2919921875,42.82204055786133,48.324615478515625,10.038491749358949,0.029107893371527558,0.013445313706311648,0.020235351713288954,0.2685546875,0.79345703125,16.6259765625,2.8076171875,100.0,348.122652333013
10,0.87625,chat,47.0,35.2919921875,42.82204055786133,48.32305007625098,9.990657112521648,0.02442002442002442,0.5137401535681972,0.1460131633920493,0.2685546875,0.0,16.89453125,2.8076171875,100.0,348.122652333013
10,0.87625,chat,48.0,35.2919921875,42.82204055786133,48.320552825927734,10.250311011989293,0.03173764042948919,0.30491952190086113,0.08180821888456627,0.2685546875,0.0,17.1630859375,2.8076171875,100.0,348.122652333013
10,0.87625,chat,49.0,35.2919921875,42.82212285029085,48.31650952455694,9.890496691138683,0.029415444394366448,0.058390333147414736,0.05051936505429576,0.244140625,0.0,17.4072265625,2.8076171875,100.0,348.122652333013
10,0.87625,chat,50.0,35.2919921875,42.822269439697266,48.30856067806377,9.69837784639903,0.01730745455829514,0.03238214819728311,0.04186107591500466,0.25634765625,0.0,17.66357421875,2.8076171875,100.0,348.122652333013
10,0.87625,chat,51.0,35.2919921875,42.822269439697266,48.307151794433594,9.923902635202554,0.01221001221001221,0.018017389709116302,0.022971606157953486,0.23193359375,0.0,17.8955078125,2.8076171875,100.0,348.122652333013
10,0.87625,chat,52.0,35.2919921875,42.822269439697266,48.306772475004564,10.147412379153405,0.005306340607943949,0.02268131396450079,0.09613981554300362,0.23193359375,0.0,18.12744140625,2.8076171875,100.0,348.122652333013
10,0.87625,chat,53.0,35.2919921875,42.822269439697266,48.30567427808629,9.732420474779252,0.01358825165434235,0.0647308289560384,0.10798351837494541,0.23193359375,0.0,18.359375,2.8076171875,100.0,348.122652333013
10,0.87625,chat,54.0,35.2919921875,42.822269439697266,48.30459386941394,9.439323090108537,0.02442002442002442,0.3342989765593857,0.07914974350918186,0.20751953125,0.0,18.56689453125,2.8076171875,100.0,348.122652333013
10,0.87625,chat,55.0,35.2919921875,42.822269439697266,48.303201600764034,9.652137738789458,0.02442002442002442,0.48409966365432205,0.1266054648964553,0.20751953125,0.0,18.7744140625,2.8076171875,100.0,348.122652333013
10,0.87625,chat,56.0,35.2919921875,42.822269439697266,48.30207278598198,9.864048137427673,0.030900522699962817,0.01513996399316461,0.06354259041377244,0.2197265625,0.0,18.994140625,2.8076171875,100.0,348.122652333013
10,0.87625,chat,57.0,35.2919921875,42.822269439697266,48.30121347745347,10.076804390307265,0.03024841339888775,0.029440764585849148,0.13880608492732646,0.1953125,0.0,19.189453125,2.8076171875,100.0,348.122652333013
10,0.87625,chat,58.0,35.2919921875,42.822269439697266,48.300002763083626,10.282618504183821,0.02442002442002442,0.27679961818693416,0.12835847236920453,0.23193359375,0.0,19.42138671875,2.8076171875,100.0,348.122652333013
10,0.87625,chat,59.0,35.2919921875,42.822269439697266,48.29970222059767,9.808861815955714,0.012080837611497402,1.2309820900861708,0.5168551358080522,0.1953125,0.0,19.61669921875,2.8076171875,100.0,348.122652333013
10,0.87625,chat,60.0,35.2919921875,42.822269439697266,48.29844280587185,9.343030871381812,0.00606334319325373,0.0069262788223767415,0.10478916569658626,0.1953125,0.0,19.81201171875,2.8076171875,100.0,348.122652333013
10,0.87625,chat,61.0,35.2919921875,42.822269439697266,48.29786682128906,9.578698781178055,1.4415131627241842,0.007769489044971475,0.02139835308994295,0.1708984375,0.0,19.98291015625,2.8076171875,100.0,348.122652333013
10,0.87625,chat,62.0,35.2919921875,42.822269439697266,48.29786682128906,10.016456606615058,1.5327662870676884,0.006840324460569599,0.019540023921139196,0.1708984375,0.48828125,20.15380859375,3.2958984375,100.0,348.122652333013
10,0.87625,chat,63.0,35.2919921875,42.822309590809944,48.29786682128906,10.346095052614773,0.011496840689653792,0.03644570770468947,0.03248552446455164,0.20751953125,8.65478515625,20.361328125,11.95068359375,100.0,348.122652333013
10,0.87625,chat,64.0,35.2919921875,42.8224983215332,48.29786682128906,10.297602550057183,0.02442002442002442,0.6280772904033987,0.17367725664366634,0.28076171875,1.123046875,20.64208984375,13.07373046875,100.0,348.122652333013
10,0.87625,chat,65.0,35.2919921875,42.8224983215332,48.2978628283368,10.146456084731268,0.01887785367898565,0.7009877593568892,0.19610494685688917,0.2685546875,1.2939453125,20.91064453125,14.36767578125,100.0,348.122652333013
10,0.87625,chat,66.0,35.2919921875,42.8224983215332,48.2978401184082,10.17396001583177,0.01221001221001221,0.7155097770548645,0.18469024659542163,0.244140625,0.79345703125,21.15478515625,15.1611328125,100.0,348.122652333013
10,0.87625,chat,67.0,35.2919921875,42.8224983215332,48.29720992549669,10.316572438162543,0.01221001221001221,0.24232401825372907,0.057355586283581506,0.25634765625,0.0,21.4111328125,15.1611328125,100.0,348.122652333013
10,0.87625,chat,68.0,35.2919921875,42.8224983215332,48.29276996142789,10.127790578816652,0.02267397038394115,0.5216998712959822,0.1319541442838476,0.25634765625,0.72021484375,21.66748046875,15.88134765625,100.0,348.122652333013
10,0.87625,chat,69.0,35.2919921875,42.8224983215332,48.2928581237793,9.994204710215623,0.04175734244555064,0.2409108515240022,0.07197873037688877,0.25634765625,0.0,21.923828125,15.88134765625,100.0,348.122652333013
10,0.87625,chat,70.0,35.2919921875,42.8224983215332,48.2928581237793,10.016540519560031,0.033773900361037244,0.44020255045678996,3.5522618384428846,0.244140625,0.0,22.16796875,15.88134765625,100.0,348.122652333013
10,0.87625,chat,71.0,35.2919921875,42.8224983215332,48.2928581237793,9.93320241099676,0.02205292405077131,1.123496881490976,2.9293725977643694,0.28076171875,0.7080078125,22.44873046875,16.58935546875,100.0,348.122652333013
10,0.87625,chat,72.0,35.2919921875,42.8224983215332,48.2928581237793,10.219632769517519,0.03663003663003663,0.7031061712643278,0.3698285483658378,0.244140625,0.0,22.69287109375,16.58935546875,100.0,348.122652333013
10,0.87625,chat,73.0,35.2919921875,42.8224983215332,48.2928581237793,10.144412395309242,0.027205905155746855,0.3485205407455982,0.0957260364268645,0.25634765625,0.0,22.94921875,16.58935546875,100.0,348.122652333013
10,0.87625,chat,74.0,35.2919921875,42.8224983215332,48.29286605549382,9.855232867263606,0.016817889858339777,0.4637902294366445,0.11613835050786978,0.244140625,0.0,23.193359375,16.58935546875,100.0,348.122652333013
10,0.87625,chat,75.0,35.2919921875,42.8224983215332,48.29309844970703,9.932486438883496,0.015403063974128326,0.07199489361996436,0.023810076241330958,0.23193359375,0.0,23.42529296875,16.58935546875,100.0,348.122652333013
10,0.87625,chat,76.0,35.2919921875,42.8224983215332,48.29309844970703,9.8664452670272,0.0,0.2479157100367618,0.06895488553213557,0.244140625,0.59814453125,23.66943359375,17.1875,100.0,348.122652333013
10,0.87625,chat,77.0,35.2919921875,42.8224983215332,48.29309844970703,10.11342246432819,0.004302557388128103,0.5385395810385079,0.12850611464741996,0.2197265625,0.0,23.88916015625,17.1875,100.0,348.122652333013
10,0.87625,chat,78.0,35.2919921875,42.8224983215332,48.29309844970703,10.039636720905463,0.02061962586233535,0.17211782487985924,0.05335939180742548,0.2197265625,0.0,24.10888671875,17.1875,100.0,348.122652333013
10,0.87625,chat,79.0,35.2919921875,42.8227204020322,48.29309844970703,9.660487974337647,0.02431222607257346,0.5991297880404057,0.1410929923524733,0.20751953125,0.0,24.31640625,17.1875,100.0,348.122652333013
10,0.87625,chat,80.0,35.2919921875,42.82272720336914,48.29309844970703,9.891021187199446,0.00400157546529929,0.06742021113512217,0.01909514452027099,0.23193359375,0.0,24.54833984375,17.1875,100.0,348.122652333013
10,0.87625,chat,81.0,35.2919921875,42.82272720336914,48.29309844970703,10.125506453160765,0.020009022803401118,0.008503857360616943,0.02202201122089028,0.1953125,0.0,24.74365234375,17.1875,100.0,348.122652333013
10,0.87625,chat,82.0,35.2919921875,42.82272720336914,48.29309844970703,10.32256190399199,0.03283055809844666,0.029215418687957538,0.023377005752709814,0.1953125,0.0,24.93896484375,17.1875,100.0,348.122652333013
10,0.87625,chat,83.0,35.2919921875,42.82272720336914,48.29309844970703,9.705313230927706,0.02072745687584985,0.11567889787333123,0.15446679677569575,0.1953125,0.93994140625,25.13427734375,18.12744140625,100.0,348.122652333013
10,0.87625,chat,84.0,35.2919921875,42.82272720336914,48.29309844970703,8.45307516143553,0.31703827692699926,0.027484859478455345,0.02588124038524736,0.1708984375,1.03759765625,25.30517578125,19.1650390625,100.0,348.122652333013
10,0.87625,chat,85.0,35.2919921875,42.82272720336914,48.29309844970703,9.309398829696846,0.7577207504010097,0.6269006709893532,0.1782180133273763,0.1708984375,3.173828125,25.47607421875,22.3388671875,100.0,348.122652333013
10,0.87625,chat,86.0,35.2919921875,42.82272720336914,48.29309844970703,9.548732835419964,0.021041462688361948,0.7152604013197069,0.12480908277105007,0.18310546875,1.0498046875,25.6591796875,23.388671875,100.0,348.122652333013
10,0.87625,chat,87.0,35.2919921875,42.82272720336914,48.29309844970703,9.776002007490543,0.01221001221001221,0.7054163103423414,0.16956111955935743,0.2197265625,0.0,25.87890625,23.388671875,100.0,348.122652333013
10,0.87625,chat,88.0,35.2919921875,42.82272720336914,48.29309844970703,9.997494705232041,0.01221001221001221,0.19210437900353916,0.059030966927887424,0.1953125,0.0,26.07421875,23.388671875,100.0,348.122652333013
10,0.87625,chat,89.0,35.2919921875,42.82272720336914,48.29309844970703,9.881260143111863,0.015271705820167842,0.014643329035403222,0.05924337275948294,0.20751953125,0.0,26.28173828125,23.388671875,100.0,348.122652333013
10,0.87625,chat,90.0,35.2919921875,42.82272720336914,48.29309844970703,8.738261840108006,0.02146792788654216,0.008479364005172567,0.03887030615000443,0.20751953125,0.0,26.4892578125,23.388671875,100.0,348.122652333013
10,0.87625,chat,91.0,35.2919921875,42.82272720336914,48.28782592963436,7.899416164358095,0.01221001221001221,0.022146875728626614,0.018336718689281117,0.2197265625,0.0,26.708984375,23.388671875,100.0,348.122652333013
10,0.87625,chat,92.0,35.2919921875,42.82272720336914,48.28649233225488,8.084190945498124,0.014945815333253665,0.4199553069956876,0.06499465890302006,0.18310546875,0.0,26.89208984375,23.388671875,100.0,348.122652333013
10,0.87625,chat,93.0,35.2919921875,42.82272720336914,48.28645706176758,8.27309091324207,0.019151204315068778,0.3597602137954441,0.06016384559078038,0.18310546875,0.0,27.0751953125,23.388671875,100.0,348.122652333013
10,0.87625,chat,94.0,35.2919921875,42.82272720336914,48.28645706176758,8.164394306910625,0.005052231231681578,0.02526954707274665,0.01965232792725335,0.1953125,0.0,27.2705078125,23.388671875,100.0,348.122652333013
10,0.87625,chat,95.0,35.2919921875,42.82272720336914,48.28666707470436,6.990288084761902,0.02200228434125109,0.019119026879319732,0.01881183346810204,0.1708984375,0.0,27.44140625,23.388671875,100.0,348.122652333013
10,0.87625,chat,96.0,35.2919921875,42.82272720336914,48.2867317199707,5.774299794213065,0.01221001221001221,0.0078125,0.021237319969963406,0.15869140625,0.0,27.60009765625,23.388671875,100.0,348.122652333013
10,0.87625,chat,97.0,35.2919921875,42.82272720336914,48.2867260818584,4.546272419181627,0.01221001221001221,0.00749417745271529,0.02150596985814587,0.13427734375,0.0,27.734375,23.388671875,100.0,348.122652333013
10,0.87625,chat,98.0,35.2919921875,42.82272720336914,48.28672409057617,3.3026549495454915,0.01221001221001221,0.007107615814161195,0.019259571685838806,0.1220703125,0.0,27.8564453125,23.388671875,100.0,348.122652333013
10,0.87625,chat,99.0,35.2919921875,42.82272720336914,48.28672409057617,2.2495482159949263,0.01021306168590008,0.007586848540429487,0.05736673854612825,0.08544921875,0.0,27.94189453125,23.388671875,100.0,348.122652333013
10,0.87625,chat,100.0,35.2919921875,42.82272720336914,48.28672409057617,2.094358026026833,0.0,0.009512190866101744,0.15601414912644013,0.0732421875,0.0,28.01513671875,23.388671875,100.0,348.122652333013
10,0.87625,chat,101.0,35.2919921875,42.82272720336914,48.28672409057617,0.9721546523558385,0.0,0.019519905565692296,0.01992414388686154,0.03662109375,0.0,28.0517578125,23.388671875,100.0,348.122652333013
10,0.87625,chat,102.0,35.2919921875,42.82272720336914,48.28672409057617,1.0085615342769703,0.0,0.006918090254127627,0.02221447923761712,0.03662109375,0.0,28.08837890625,23.388671875,100.0,348.122652333013
10,0.87625,chat,103.0,35.2919921875,42.82272720336914,48.28672409057617,1.0449700616131306,0.0,0.0078125,0.01953125,0.03662109375,0.0,28.125,23.388671875,100.0,348.122652333013
10,0.87625,chat,104.0,35.2919921875,42.82272720336914,48.28640777965523,1.0813781609002209,0.0014768194286433924,0.0078125,0.01953125,0.03662109375,0.0,28.16162109375,23.388671875,100.0,348.122652333013
10,0.87625,chat,105.0,35.2919921875,42.82272720336914,48.28623580932617,1.116389018100835,0.01084430273802242,0.0078125,0.02137078794107498,0.0244140625,0.0,28.18603515625,23.388671875,100.0,348.122652333013
10,0.87625,chat,106.0,35.2919921875,42.82272720336914,48.28621684397953,1.1419322158405434,0.0,0.0069386784193581005,0.0188629102580743,0.03662109375,0.0,28.22265625,23.388671875,100.0,348.122652333013
10,0.87625,chat,107.0,35.2919921875,42.82272720336914,48.286202971398374,1.1783409401119471,0.0,0.007663732721284218,0.0185546875,0.03662109375,0.0,28.25927734375,23.388671875,100.0,348.122652333013
10,0.87625,chat,108.0,35.2919921875,42.82272720336914,48.28620147705078,1.214736572991968,0.0010581816562214839,0.0078125,0.01777275483356594,0.03662109375,0.0,28.2958984375,23.388671875,100.0,348.122652333013
10,0.87625,chat,109.0,35.2919921875,42.82272720336914,48.28620147705078,1.2501878630998418,0.011252545257681865,0.5293907018649122,0.11836262945062478,0.0244140625,0.0,28.3203125,23.388671875,100.0,348.122652333013
10,0.87625,chat,110.0,35.2919921875,42.82272720336914,48.28620147705078,1.2753025662593116,0.0,0.2112171074459402,0.05976986176452119,0.03662109375,0.0,28.35693359375,23.388671875,100.0,348.122652333013
10,0.87625,chat,111.0,35.2919921875,42.82272720336914,48.28620147705078,1.311688621755094,0.0,0.007477610910741195,0.022126048410741197,0.03662109375,0.0,28.3935546875,23.388671875,100.0,348.122652333013
10,0.87625,chat,112.0,35.2919921875,42.82272720336914,48.283920828931365,1.2752959436449196,0.0,0.0072171025971892126,0.02067474529156764,0.03662109375,0.0,28.43017578125,23.388671875,100.0,348.122652333013
10,0.87625,chat,113.0,35.2919921875,42.82272720336914,47.93586952318656,0.0,0.0,0.0035370339725945255,0.00853490490864842,0.0244140625,0.0,28.45458984375,23.388671875,43.698713132279906,348.122652333013
10,0.87625,chat,114.0,35.2919921875,42.82272720336914,47.62906265258789,0.0,0.0,0.0004722563392522719,0.0,0.0,0.0,28.45458984375,23.388671875,0.0,348.122652333013
10,0.87625,chat,115.0,35.2919921875,42.82272720336914,47.62906265258789,0.0,0.0,0.0,0.0,0.0,0.0,28.45458984375,23.388671875,0.0,348.122652333013
10,0.87625,code,0.0,35.1142578125,42.81224060058594,47.93418884277344,0.0,0.0,0.0,0.0,0.0,0.0,0.0,0.0,0.0,377.56798088126845
10,0.87625,code,1.0,35.1142578125,42.81246588324347,47.92929269968306,0.0,0.0,0.0,0.0,0.0,0.0,0.0,0.0,0.0,377.56798088126845
10,0.87625,code,2.0,35.1142578125,42.812469482421875,47.88155787010242,0.0,0.0,0.0,0.0,0.0,0.0,0.0,0.0,0.0,377.56798088126845
10,0.87625,code,3.0,35.1142578125,42.812469482421875,47.9620069809979,0.0,0.0,0.0,0.0,0.0,0.0,0.0,0.0,0.0,377.56798088126845
10,0.87625,code,4.0,35.1142578125,42.812469482421875,48.01169384129572,0.0,0.0,0.0,0.0,0.0,0.0,0.0,0.0,0.0,377.56798088126845
10,0.87625,code,5.0,35.1142578125,42.812469482421875,48.04236506983934,0.0,0.0,0.0,0.0,0.0,0.0,0.0,0.0,0.0,377.56798088126845
10,0.87625,code,6.0,35.1142578125,42.812469482421875,48.046181627554205,0.0,0.0,0.0,0.0,0.0,0.0,0.0,0.0,0.0,377.56798088126845
10,0.87625,code,7.0,35.1142578125,42.812469482421875,48.053086504986865,0.0,0.0,0.0,0.0,0.0,0.0,0.0,0.0,0.0,377.56798088126845
10,0.87625,code,8.0,35.1142578125,42.812469482421875,48.05443118135688,0.0,0.0,0.0,0.0,0.0,0.0,0.0,0.0,0.0,377.56798088126845
10,0.87625,code,9.0,35.1142578125,42.812469482421875,48.05768149685453,0.0,0.0,0.0,0.0,0.0,0.0,0.0,0.0,0.0,377.56798088126845
10,0.87625,code,10.0,35.1142578125,42.812469482421875,48.092304112377676,0.0,0.0,0.0004551280111508608,0.0,0.0,0.0,0.0,0.0,0.0,377.56798088126845
10,0.87625,code,11.0,35.1142578125,42.812469482421875,48.12094605932996,0.0,0.0,0.0005664229851932625,0.0,0.0,0.0,0.0,0.0,0.0,377.56798088126845
10,0.87625,code,12.0,35.1142578125,42.812469482421875,48.16418323985243,0.0,0.0,0.0003652056574727936,0.0,0.0,0.0,0.0,0.0,0.0,377.56798088126845
10,0.87625,code,13.0,35.1142578125,42.812469482421875,48.19147775424323,0.0,0.0,0.0006564811343028343,0.0,0.0,0.0,0.0,0.0,0.0,377.56798088126845
10,0.87625,code,14.0,35.1142578125,42.812469482421875,48.244253666351476,0.0,0.0,0.0,0.0,0.0,0.0,0.0,0.0,0.0,377.56798088126845
10,0.87625,code,15.0,35.155500161566586,42.812469482421875,48.273733287266815,0.0,0.0,0.08408856726353557,0.6697299240090313,0.0,0.0,0.0,0.0,18.769851308525432,377.56798088126845
10,0.87625,code,16.0,35.2900390625,42.81482397363612,48.28468281234878,3.735398538596162,0.0,0.29280338810987344,2.323868547740764,0.0,0.0,0.0,0.0,83.75247656846311,377.56798088126845
10,0.87625,code,17.0,35.2900390625,42.815623147939334,48.28670662617801,5.001542516217939,0.10665721157001692,0.008653035821775488,0.025959107465326463,3.2958984375,0.0,3.2958984375,0.0,100.0,377.56798088126845
10,0.87625,code,18.0,35.2900390625,42.81584915437136,48.286800384521484,5.572165475065228,0.0,0.007901393694152707,0.023348606305847293,1.5380859375,0.0,4.833984375,0.0,100.0,377.56798088126845
10,0.87625,code,19.0,35.2900390625,42.81590270996094,48.286800384521484,6.3323324385631,0.0,0.008703907892167871,0.022503514803916064,0.537109375,0.0,5.37109375,0.0,100.0,377.56798088126845
10,0.87625,code,20.0,35.2900390625,42.81590270996094,48.286958147025494,6.909260394270383,0.0,0.006841950909920103,0.023434493295039948,0.8056640625,0.0,6.1767578125,0.0,100.0,377.56798088126845
10,0.87625,code,21.0,35.2900390625,42.816068606469315,48.28701400756836,7.4533834724887695,0.010050117540280297,0.007763420002669813,0.02621994750800944,0.537109375,0.0,6.7138671875,0.0,100.0,377.56798088126845
10,0.87625,code,22.0,35.2900390625,42.816131591796875,48.28701400756836,8.19941074176612,0.0520334163823479,5.1181064707577155,1.1119964890065925,0.537109375,0.0,7.2509765625,0.0,100.0,377.56798088126845
10,0.87625,code,23.0,35.2900390625,42.816131591796875,48.28701400756836,8.7809089998903,0.011771494879456819,0.833538103292649,0.19743462702503867,0.74462890625,0.0,7.99560546875,0.0,100.0,377.56798088126845
10,0.87625,code,24.0,35.2900390625,42.816131591796875,48.28716040752434,9.31496128742086,0.0,0.008001893674932821,0.023845881475201534,0.59814453125,0.0,8.59375,0.0,100.0,377.56798088126845
10,0.87625,code,25.0,35.2900390625,42.81628539693522,48.287227630615234,9.849231429293988,0.0,0.008553344625450448,0.022932373249099105,0.537109375,0.0,9.130859375,0.0,100.0,377.56798088126845
10,0.87625,code,26.0,35.2900390625,42.81636047363281,48.287227630615234,10.009506190091342,0.0,2.02554547744785,0.6192986927839472,0.537109375,0.0,9.66796875,0.0,100.0,377.56798088126845
10,0.87625,code,27.0,35.2900390625,42.81636047363281,48.28736553070335,10.117363340014714,0.08485703251487779,2.3580676558751374,0.7102201478551752,0.52490234375,0.0,10.19287109375,0.0,100.0,377.56798088126845
10,0.87625,code,28.0,35.2900390625,42.81664994638887,48.28771142823443,10.117220880760573,0.10057122164980732,0.8176135165230292,0.25782368106218917,0.50048828125,0.0,10.693359375,0.0,100.0,377.56798088126845
10,0.87625,code,29.0,35.29114532636329,42.81681823730469,48.28786849975586,10.080873838386584,0.06089241406898725,0.00738906943164591,0.02301406943164591,0.48828125,0.0,11.181640625,0.0,100.0,377.56798088126845
10,0.87625,code,30.0,35.2919921875,42.81681823730469,48.28786849975586,10.00809571033333,0.08516738993453933,0.016419485110760974,0.02242491351638106,0.54931640625,0.0,11.73095703125,0.0,100.0,377.56798088126845
10,0.87625,code,31.0,35.2919921875,42.81681823730469,48.28786849975586,9.842130183300139,0.05277706005095268,0.05797590776818413,0.4154912434223808,0.439453125,0.0,12.17041015625,0.0,100.0,377.56798088126845
10,0.87625,code,32.0,35.2919921875,42.81681823730469,48.28842516918283,10.075179699165828,0.00998737376565462,0.05804193225272523,0.6936824516382927,0.4638671875,0.0,12.63427734375,0.0,100.0,377.56798088126845
10,0.87625,code,33.0,35.2919921875,42.81681823730469,48.288950739603514,9.988343094637138,0.0,0.0072035696902539356,0.3756127217949925,0.42724609375,0.0,13.0615234375,0.0,100.0,377.56798088126845
10,0.87625,code,34.0,35.2919921875,42.81681823730469,48.28904342651367,10.17374443422328,0.0,0.00749175309226998,0.15397344641534594,0.37841796875,0.0,13.43994140625,0.0,100.0,377.56798088126845
10,0.87625,code,35.0,35.2919921875,42.816941768198184,48.28915666316604,10.047754425013203,0.008576844500025216,0.011490657153213646,0.020352671115272995,0.3662109375,0.0,13.80615234375,0.0,100.0,377.56798088126845
10,0.87625,code,36.0,35.2919921875,42.818853789312826,48.28901234550699,10.204384277720177,0.029167886044933755,0.36970889733663836,0.16875036488992015,0.341796875,0.0,14.14794921875,0.0,100.0,377.56798088126845
10,0.87625,code,37.0,35.2919921875,42.82048034667969,48.287959850160874,10.081301580077668,0.07854685882076039,1.2304693799799291,0.5327157441332862,0.341796875,0.0,14.48974609375,0.0,100.0,377.56798088126845
10,0.87625,code,38.0,35.2919921875,42.820594795057865,48.28645320056837,10.189693360817369,0.05627804455620636,0.01755645354041959,0.018254788440306917,0.32958984375,0.0,14.8193359375,0.0,100.0,377.56798088126845
10,0.87625,code,39.0,35.2919921875,42.820709228515625,48.28534979895323,9.964072563582384,0.02026624680685519,0.07175523226286376,0.02201859251825443,0.37841796875,0.0,15.19775390625,0.0,100.0,377.56798088126845
10,0.87625,code,40.0,35.2919921875,42.820709228515625,48.28479965818141,10.021316963012199,0.02837582825822023,0.00777111326548856,0.01766089846902288,0.32958984375,0.0,15.52734375,0.0,100.0,377.56798088126845
10,0.87625,code,41.0,35.2919921875,42.820709228515625,48.284532648655784,9.757021640958376,0.028648669048501937,0.00684236541304791,0.01951839417390418,0.30517578125,0.0,15.83251953125,0.0,100.0,377.56798088126845
10,0.87625,code,42.0,35.2919921875,42.820709228515625,48.28449651289172,9.73162854903738,0.02442002442002442,0.012373137843932312,0.08782338757516518,0.29296875,0.0,16.12548828125,0.0,100.0,377.56798088126845
10,0.87625,code,43.0,35.2919921875,42.820709228515625,48.28461456298828,9.998436613570236,0.02442002442002442,0.11793091971923146,0.15932305629900684,0.2685546875,0.0,16.39404296875,0.0,100.0,377.56798088126845
10,0.87625,code,44.0,35.2919921875,42.820709228515625,48.28339424576752,10.265226325402281,0.009097185536467956,0.026059140266443306,0.0415731914418635,0.2685546875,0.0,16.66259765625,0.0,100.0,377.56798088126845
10,0.87625,code,45.0,35.2919921875,42.820709228515625,48.28171920776367,9.94145646229393,0.0075553639926784774,0.0070280451844710115,0.01874679518447101,0.29296875,0.0,16.95556640625,0.0,100.0,377.56798088126845
10,0.87625,code,46.0,35.2919921875,42.82079974426468,48.28171920776367,9.83705288020224,0.019662148547577182,0.007574118322690639,0.01929286832269064,0.244140625,0.0,17.19970703125,0.0,100.0,377.56798088126845
10,0.87625,code,47.0,35.2919921875,42.82093811035156,48.28261664445619,10.099292416531911,0.03177120503470393,0.5004645381426167,0.13008430203761384,0.244140625,0.0,17.44384765625,0.0,100.0,377.56798088126845
10,0.87625,code,48.0,35.2919921875,42.82093811035156,48.28344864571093,9.770234837623814,0.05839010124423327,0.26269115425290557,0.16353774962526307,0.25634765625,0.0,17.7001953125,0.0,100.0,377.56798088126845
10,0.87625,code,49.0,35.2919921875,42.821019830581434,48.28239822387695,9.601289948075456,0.044628981088501656,0.018403078180279343,0.07166572070642666,0.25634765625,0.0,17.95654296875,0.0,100.0,377.56798088126845
10,0.87625,code,50.0,35.2919921875,42.8211669921875,48.28239822387695,9.819904488317292,0.010289405025811197,0.0078125,0.019784810001047252,0.2685546875,0.0,18.22509765625,0.0,100.0,377.56798088126845
10,0.87625,code,51.0,35.2919921875,42.8211669921875,48.28239822387695,10.038455773997796,0.0,0.007308309969174048,0.019971804907522143,0.244140625,0.0,18.46923828125,0.0,100.0,377.56798088126845
10,0.87625,code,52.0,35.2919921875,42.8211669921875,48.28239822387695,10.25686353334809,0.0,0.015521280280657558,0.020383180716980538,0.2197265625,0.0,18.68896484375,0.0,100.0,377.56798088126845
10,0.87625,code,53.0,35.2919921875,42.8211669921875,48.28239822387695,9.831825633951116,0.006756767939509703,0.34306154156586194,0.08657046270604717,0.2197265625,0.0,18.90869140625,0.0,100.0,377.56798088126845
10,0.87625,code,54.0,35.2919921875,42.8211669921875,48.28239822387695,9.531028007848102,0.0188649179531208,0.4912252043744857,0.11714102483102112,0.1953125,0.0,19.10400390625,0.0,100.0,377.56798088126845
10,0.87625,code,55.0,35.2919921875,42.8211669921875,48.28239822387695,9.743006808517436,0.02442002442002442,0.0068359375,0.020189217616697373,0.20751953125,0.0,19.3115234375,0.0,100.0,377.56798088126845
10,0.87625,code,56.0,35.2919921875,42.8211669921875,48.28245515980738,9.968826810301294,0.04380573305537007,0.20377030316527253,0.05294218376114279,0.20751953125,0.0,19.51904296875,0.0,100.0,377.56798088126845
10,0.87625,code,57.0,35.2919921875,42.8211669921875,48.28261184692383,10.186098864435587,0.02923310197702721,0.7128178231939487,0.1513537923794073,0.20751953125,0.0,19.7265625,0.0,100.0,377.56798088126845
10,0.87625,code,58.0,35.2919921875,42.82122227533583,48.282721491834685,9.708148805098824,0.0,0.5958609869223034,0.1857786546834089,0.25634765625,0.0,19.98291015625,0.0,100.0,377.56798088126845
10,0.87625,code,59.0,35.2919921875,42.82139587402344,48.28306579589844,9.252848316315779,0.0,0.09127574967006968,0.14534657013340382,0.18310546875,0.0,20.166015625,0.0,100.0,377.56798088126845
10,0.87625,code,60.0,35.2919921875,42.82139587402344,48.28306579589844,9.422873538486659,0.0,0.2721219473648664,2.314750899067188,0.1708984375,0.0,20.3369140625,0.0,100.0,377.56798088126845
10,0.87625,code,61.0,35.2919921875,42.82139587402344,48.28310913847486,9.724555702331102,0.023910495854864152,2.9981820918715996,25.449946171978723,0.1708984375,0.0,20.5078125,0.0,100.0,377.56798088126845
10,0.87625,code,62.0,35.2919921875,42.82139587402344,48.28327941894531,10.102347267602818,0.04884004884004884,1.4019443491169377,0.7929101304881527,0.13427734375,8.88671875,20.64208984375,8.88671875,100.0,377.56798088126845
10,0.87625,code,63.0,35.2919921875,42.82139587402344,48.28327941894531,10.192460386438093,0.7525820594734673,2.978132887414325,25.07592817398493,0.3173828125,0.0,20.95947265625,8.88671875,100.0,377.56798088126845
10,0.87625,code,64.0,35.2919921875,42.82139587402344,48.28327941894531,10.216475024300019,0.8582439616423463,0.34055471162822926,2.7290260197216263,0.25634765625,1.42822265625,21.2158203125,10.31494140625,100.0,377.56798088126845
10,0.87625,code,65.0,35.2919921875,42.82139587402344,48.28327941894531,10.184932457476481,0.06213437799175377,0.012549780280191554,0.10062365439734604,0.28076171875,2.64892578125,21.49658203125,12.9638671875,100.0,377.56798088126845
10,0.87625,code,66.0,35.2919921875,42.82139587402344,48.28327941894531,10.140571776371182,0.03792765546168365,0.008002578428012833,0.03742479259314216,0.3173828125,0.0,21.81396484375,12.9638671875,100.0,377.56798088126845
10,0.87625,code,67.0,35.2919921875,42.82139587402344,48.28327941894531,10.26295211369322,0.02442002442002442,0.025588049337639113,0.027173643501614664,0.341796875,0.0,22.15576171875,12.9638671875,100.0,377.56798088126845
10,0.87625,code,68.0,35.2919921875,42.82160266505523,48.28327941894531,10.209965576975632,0.6853501521222438,0.013953205579800638,0.022378157231920257,0.25634765625,1.20849609375,22.412109375,14.17236328125,100.0,377.56798088126845
10,0.87625,code,69.0,35.2919921875,42.82322692871094,48.28327941894531,10.225751976692342,0.9148365805461216,0.008124593983922873,0.018242593516077127,0.2197265625,0.0,22.6318359375,14.17236328125,100.0,377.56798088126845
10,0.87625,code,70.0,35.2919921875,42.82322692871094,48.28327941894531,10.183334007241877,0.02442002442002442,0.007594829392650466,0.018772358107349535,0.23193359375,3.96728515625,22.86376953125,18.1396484375,100.0,377.56798088126845
10,0.87625,code,71.0,35.2919921875,42.82322692871094,48.28327941894531,9.979697331877201,0.02442002442002442,0.31583269888632787,0.02942794342518488,0.2685546875,0.927734375,23.13232421875,19.0673828125,100.0,377.56798088126845
10,0.87625,code,72.0,35.2919921875,42.82322692871094,48.28327941894531,9.869806335204895,0.034079485591926605,0.2732990683399293,0.3033966470726646,0.30517578125,1.0009765625,23.4375,20.068359375,100.0,377.56798088126845
10,0.87625,code,73.0,35.2919921875,42.82322692871094,48.28327941894531,10.170411691715074,0.05356285328044067,0.6594329304191762,0.5487713487392264,0.25634765625,0.0,23.69384765625,20.068359375,100.0,377.56798088126845
10,0.87625,code,74.0,35.2919921875,42.82322692871094,48.28327941894531,10.31454842042172,0.05642647470570709,1.1273505376816724,0.38305529165426355,0.30517578125,0.0,23.9990234375,20.068359375,100.0,377.56798088126845
10,0.87625,code,75.0,35.2919921875,42.82322692871094,48.28327941894531,10.21730512458867,0.04884004884004884,0.46741846549093896,0.11032678384385598,0.2685546875,0.6591796875,24.267578125,20.7275390625,100.0,377.56798088126845
10,0.87625,code,76.0,35.2919921875,42.82322692871094,48.283279374861614,9.89311813514525,0.03558762472809428,0.007497266782301277,0.02151523784690383,0.2685546875,0.9033203125,24.5361328125,21.630859375,100.0,377.56798088126845
10,0.87625,code,77.0,35.2919921875,42.82322692871094,48.28327560914563,9.448455963862449,0.01221001221001221,0.00925970877989282,0.020339173759964274,0.30517578125,0.0,24.84130859375,21.630859375,100.0,377.56798088126845
10,0.87625,code,78.0,35.2919921875,42.82322692871094,48.28327560424805,9.598337949433176,0.008002269880500689,0.18718639466374937,0.05637164229699597,0.244140625,0.0,25.08544921875,21.630859375,100.0,377.56798088126845
10,0.87625,code,79.0,35.2919921875,42.82344960628962,48.28327560424805,9.664477266394723,0.0,0.7582644441108691,0.1574171396792777,0.25634765625,0.54931640625,25.341796875,22.18017578125,100.0,377.56798088126845
10,0.87625,code,80.0,35.2919921875,42.823455810546875,48.28327560424805,9.915092036929458,0.007985078695564968,0.6263318381460173,0.0863106587636097,0.244140625,0.0,25.5859375,22.18017578125,100.0,377.56798088126845
10,0.87625,code,81.0,35.2919921875,42.823455810546875,48.28327560424805,10.189923540442566,0.03609755051110149,0.017628129285923402,0.01953125,0.244140625,0.0,25.830078125,22.18017578125,100.0,377.56798088126845
10,0.87625,code,82.0,35.2919921875,42.823455810546875,48.28327560424805,10.131691289890144,0.04968008280642866,0.0077755588286907654,0.01945736765738153,0.25634765625,0.0,26.08642578125,22.18017578125,100.0,377.56798088126845
10,0.87625,code,83.0,35.2919921875,42.823455810546875,48.28327560424805,9.627980892780808,0.02810422925424575,0.006845235841263754,0.01759672168252751,0.23193359375,1.0009765625,26.318359375,23.18115234375,100.0,377.56798088126845
10,0.87625,code,84.0,35.2919921875,42.823455810546875,48.28327560424805,9.851391162538407,0.029464115470906563,0.007756126555348361,0.5880953393159843,0.2197265625,0.0,26.5380859375,23.18115234375,100.0,377.56798088126845
10,0.87625,code,85.0,35.2919921875,42.823455810546875,48.28327560424805,10.054157729601112,0.008732251087961397,0.0078125,0.3821391257930964,0.23193359375,0.0,26.77001953125,23.18115234375,100.0,377.56798088126845
10,0.87625,code,86.0,35.2919921875,42.823455810546875,48.283272242334796,10.248315191099252,0.0,0.006986024994719335,0.07334059820985472,0.20751953125,0.0,26.9775390625,23.18115234375,100.0,377.56798088126845
10,0.87625,code,87.0,35.2919921875,42.823455810546875,48.28327178955078,10.373611567193018,0.0,0.007616385005756482,0.019339147476974072,0.1953125,0.0,27.1728515625,23.18115234375,100.0,377.56798088126845
10,0.87625,code,88.0,35.2919921875,42.823455810546875,48.28327178955078,10.287615777814056,0.0,0.0078125,0.020757282334932528,0.1953125,2.001953125,27.3681640625,25.18310546875,100.0,377.56798088126845
10,0.87625,code,89.0,35.2919921875,42.823455810546875,48.28327178955078,8.790477736989466,0.0,0.026374676769962198,0.12667004336311913,0.2197265625,0.927734375,27.587890625,26.11083984375,100.0,377.56798088126845
10,0.87625,code,90.0,35.2919921875,42.823455810546875,48.28327178955078,5.810319572778246,0.005889371855421322,0.07971218762574979,0.07662692315513778,0.2197265625,0.0,27.8076171875,26.11083984375,98.02991774103798,377.56798088126845
10,0.87625,code,91.0,35.2919921875,42.823455810546875,48.28327178955078,9.511110992310549,0.030095209952753586,0.056559445198293805,0.021399929771935923,0.20751953125,1.2939453125,28.01513671875,27.40478515625,98.82594157406129,377.56798088126845
10,0.87625,code,92.0,35.2919921875,42.823455810546875,48.28322886953281,9.666500015796,0.04884004884004884,0.015419387112147909,0.018672905038785208,0.1953125,0.0,28.21044921875,27.40478515625,100.0,377.56798088126845
10,0.87625,code,93.0,35.2919921875,42.823455810546875,48.28338735610702,9.663804774323884,0.04095322567791694,0.0068359375,0.021532764930496162,0.20751953125,0.4638671875,28.41796875,27.86865234375,100.0,377.56798088126845
10,0.87625,code,94.0,35.2919921875,42.823455810546875,48.28343200683594,9.582227861467967,0.01221001221001221,0.6573906366656741,0.33011461062482267,0.244140625,0.0,28.662109375,27.86865234375,100.0,377.56798088126845
10,0.87625,code,95.0,35.2919921875,42.823455810546875,48.28343200683594,8.400694016301866,0.009798531176166886,0.8222554064470013,0.40761781087255744,0.18310546875,0.0,28.84521484375,27.86865234375,100.0,377.56798088126845
10,0.87625,code,96.0,35.2919921875,42.823455810546875,48.28343200683594,7.4561806411580385,0.0,0.006582159340328486,0.02101536881934303,0.1708984375,0.0,29.01611328125,27.86865234375,100.0,377.56798088126845
10,0.87625,code,97.0,35.2919921875,42.823455810546875,48.28342918464493,7.108885490914744,0.0,0.007497996800553034,0.05881109702921157,0.146484375,0.0,29.16259765625,27.86865234375,100.0,377.56798088126845
10,0.87625,code,98.0,35.2919921875,42.823455810546875,48.28342819213867,4.776132159546047,0.0,0.007103545290153653,0.11037132152094703,0.15869140625,0.0,29.3212890625,27.86865234375,100.0,377.56798088126845
10,0.87625,code,99.0,35.2919921875,42.823455810546875,48.2835806138299,3.750589112875291,0.001997808808930606,0.16887912212131068,0.031113276704863795,0.10986328125,0.0,29.43115234375,27.86865234375,100.0,377.56798088126845
10,0.87625,code,100.0,35.2919921875,42.823455810546875,48.28364181518555,3.8579078125576323,0.014105521543419243,0.7178577787846959,0.07928950852962866,0.09765625,0.0,29.52880859375,27.86865234375,100.0,377.56798088126845
10,0.87625,code,101.0,35.2919921875,42.823455810546875,48.28380710605132,3.5482473397337584,0.02082855507143916,0.6268352388887013,0.14471528356825072,0.08544921875,0.0,29.6142578125,27.86865234375,100.0,377.56798088126845
10,0.87625,code,102.0,35.2919921875,42.823455810546875,48.28402634831631,1.2778320288592868,0.0,0.007004070369811681,0.01953125,0.09765625,0.0,29.7119140625,27.86865234375,100.0,377.56798088126845
10,0.87625,code,103.0,35.2919921875,42.823455810546875,48.284095764160156,1.3142529010560673,0.0,0.008752369737056495,0.019567942762943505,0.03662109375,0.0,29.74853515625,27.86865234375,100.0,377.56798088126845
10,0.87625,code,104.0,35.2919921875,42.823455810546875,48.284095764160156,1.1817901369739057,0.0,0.007821568111426,0.020498744388574002,0.03662109375,0.0,29.78515625,27.86865234375,100.0,377.56798088126845
10,0.87625,code,105.0,35.2919921875,42.823455810546875,47.867312475834986,0.0,0.0,0.00043234774132594467,0.0011349128209806013,0.0244140625,0.0,29.8095703125,27.86865234375,79.21749123957386,377.56798088126845
10,0.87625,code,106.0,35.2919921875,42.823455810546875,47.6292610168457,0.0,0.0,0.0,0.0,0.0,0.0,29.8095703125,27.86865234375,8.026127510972557,377.56798088126845
10,0.87625,code,107.0,35.2919921875,42.823455810546875,47.6292610168457,0.0,0.0,0.0,0.0,0.0,0.0,29.8095703125,27.86865234375,0.0,377.56798088126845
